 1.000000E-5 2.811228E+1 1.102400E-5 2.681775E+1 1.215040E-5 2.558935E+1
 1.339460E-5 2.441918E+1 1.476330E-5 2.330911E+1 1.627500E-5 2.225213E+1
 1.793810E-5 2.124985E+1 1.977490E-5 2.029593E+1 2.179560E-5 1.939191E+1
 2.402740E-5 1.853198E+1 2.648260E-5 1.771755E+1 2.919430E-5 1.694338E+1
 3.217750E-5 1.621070E+1 3.547230E-5 1.551484E+1 3.909700E-5 1.485684E+1
 4.310050E-5 1.423253E+1 4.750460E-5 1.364285E+1 5.236900E-5 1.308399E+1
 5.772020E-5 1.255682E+1 6.363060E-5 1.205790E+1 7.013260E-5 1.158797E+1
 7.838950E-5 1.108314E+1 8.761860E-5 1.061165E+1 9.793430E-5 1.017188E+1
 1.094640E-4 9.762280E+0 1.223520E-4 9.381379E+0 1.367570E-4 9.027757E+0
 1.528580E-4 8.700054E+0 1.708540E-4 8.396953E+0 1.909700E-4 8.117182E+0
 2.164650E-4 7.828566E+0 2.453160E-4 7.566623E+0 2.780660E-4 7.328848E+0
 3.151280E-4 7.114338E+0 3.621670E-4 6.900716E+0 4.162290E-4 6.711225E+0
 4.783600E-4 6.543749E+0 5.575220E-4 6.382405E+0 6.588240E-4 6.230961E+0
 7.893640E-4 6.092114E+0 9.591120E-4 5.967520E+0 1.181804E-3 5.858076E+0
 1.476462E-3 5.763908E+0 1.896633E-3 5.680205E+0 2.539974E-3 5.605691E+0
 3.546860E-3 5.543309E+0 5.310217E-3 5.491015E+0 8.884537E-3 5.448609E+0
 1.781349E-2 5.416769E+0 2.508752E-2 5.407387E+0 2.530000E-2 5.407191E+0
 9.891551E-2 5.387707E+0 3.38847768 5.220916E+0 4.93387724 5.110511E+0
 5.99487762 5.001456E+0 6.70067566 4.898215E+0 7.18270430 4.802067E+0
 7.59376451 4.692583E+0 7.91819166 4.577471E+0 8.14161531 4.475742E+0
 8.37134320 4.342734E+0 8.54767917 4.212448E+0 8.66742725 4.104499E+0
 8.77370409 3.990990E+0 8.86650970 3.874299E+0 8.94239688 3.763539E+0
 9.03085000 3.612353E+0 9.08981875 3.495103E+0 9.14878750 3.361522E+0
 9.19478313 3.243736E+0 9.24077875 3.111734E+0 9.28677438 2.962896E+0
 9.33277000 2.794047E+0 9.37522750 2.617113E+0 9.40353250 2.486128E+0
 9.43183750 2.343394E+0 9.45778375 2.201278E+0 9.48137125 2.062102E+0
 9.50495875 1.913165E+0 9.52854625 1.754849E+0 9.56864500 1.470249E+0
 9.59223250 1.304169E+0 9.60638500 1.212549E+0 9.61582000 1.158468E+0
 9.62466532 1.115620E+0 9.63056219 1.092746E+0 9.63645907 1.075668E+0
 9.64235594 1.065668E+0 9.64604149 1.063671E+0 9.65120125 1.067298E+0
 9.65562391 1.077247E+0 9.66004657 1.094462E+0 9.66417438 1.117972E+0
 9.66771250 1.144539E+0 9.67125063 1.177680E+0 9.67478875 1.218062E+0
 9.67832688 1.266400E+0 9.68186500 1.323464E+0 9.68540313 1.390072E+0
 9.68894125 1.467097E+0 9.69247938 1.555466E+0 9.69601750 1.656154E+0
 9.69955563 1.770191E+0 9.70257778 1.878978E+0 9.70534194 1.988286E+0
 9.70810610 2.107533E+0 9.71087027 2.237283E+0 9.71363442 2.378115E+0
 9.71676714 2.551868E+0 9.71934702 2.706833E+0 9.72192690 2.873051E+0
 9.72450678 3.051020E+0 9.72708667 3.241238E+0 9.73095649 3.550618E+0
 9.73482631 3.890341E+0 9.73818016 4.210569E+0 9.74127603 4.528367E+0
 9.74437188 4.868274E+0 9.74746774 5.231027E+0 9.75056360 5.617314E+0
 9.75410172 6.088407E+0 9.75852438 6.722922E+0 9.76294704 7.409399E+0
 9.76736969 8.148818E+0 9.77179235 8.941742E+0 9.77621500 9.788253E+0
 9.78063766 1.068792E+1 9.78506032 1.163974E+1 9.79095719 1.298708E+1
 9.79685407 1.441863E+1 9.80422516 1.631462E+1 9.81159625 1.831045E+1
 9.82339000 2.164831E+1 9.84320350 2.733314E+1 9.85263850 2.990290E+1
 9.86160175 3.216303E+1 9.86867800 3.377966E+1 9.87575425 3.521746E+1
 9.88299562 3.647863E+1 9.88943500 3.740507E+1 9.89710094 3.825389E+1
 9.90453100 3.880462E+1 9.91207900 3.908863E+1 9.91585300 3.912822E+1
 9.92363688 3.900212E+1 9.93142075 3.861226E+1 9.93955844 3.794965E+1
 9.94840375 3.697311E+1 9.95724907 3.577719E+1 9.96609438 3.441314E+1
 9.98378500 3.138088E+1 10.0073725 2.721449E+1 10.0191663 2.525158E+1
 10.0309600 2.343243E+1 10.0427538 2.178039E+1 10.0515991 2.065628E+1
 10.0604444 1.962985E+1 10.0692898 1.869737E+1 10.0781350 1.785332E+1
 10.0899288 1.685379E+1 10.1017225 1.598239E+1 10.1135163 1.522200E+1
 10.1253100 1.455662E+1 10.1371038 1.397195E+1 10.1488975 1.345560E+1
 10.1665882 1.278667E+1 10.1842788 1.221982E+1 10.2019694 1.173363E+1
 10.2196600 1.131202E+1 10.2432475 1.082974E+1 10.2668350 1.041970E+1
 10.2904225 1.006667E+1 10.3140100 9.759440E+0 10.3423150 9.439500E+0
 10.3706200 9.162536E+0 10.4130775 8.810352E+0 10.4502279 8.550981E+0
 10.4962235 8.278442E+0 10.5422191 8.047986E+0 10.6112125 7.762036E+0
 10.6701813 7.560720E+0 10.7586344 7.313366E+0 10.8470875 7.114398E+0
 10.9650250 6.902557E+0 11.0829625 6.734347E+0 11.2393237 6.558275E+0
 11.3956849 6.419576E+0 11.6368447 6.254977E+0 11.8825409 6.128434E+0
 12.2178246 5.998482E+0 12.5625688 5.898176E+0 13.0967421 5.783444E+0
 13.8462578 5.671319E+0 14.8451937 5.569386E+0 16.3621296 5.465813E+0
 18.5465194 5.366655E+0 21.9164309 5.262855E+0 27.3808156 5.145349E+0
 35.5729649 5.017331E+0 46.9688559 4.883075E+0 61.8546327 4.748106E+0
 82.0851294 4.606584E+0 108.683001 4.461736E+0 156.575000 4.251758E+0
 191.540000 4.094335E+0 207.485300 4.000114E+0 218.138600 3.912373E+0
 224.300000 3.840934E+0 229.340000 3.759351E+0 232.767200 3.681902E+0
 235.186400 3.608652E+0 236.963000 3.539437E+0 238.664000 3.454375E+0
 239.798000 3.382878E+0 240.932000 3.294359E+0 241.971500 3.192140E+0
 242.751125 3.096801E+0 243.341750 3.010110E+0 243.837875 2.924706E+0
 244.334000 2.824615E+0 244.806500 2.711847E+0 245.121500 2.624767E+0
 245.436500 2.525925E+0 245.704250 2.430804E+0 245.924750 2.343377E+0
 246.145250 2.246309E+0 246.365750 2.137948E+0 246.554750 2.034579E+0
 246.712250 1.939926E+0 246.869750 1.836492E+0 247.027250 1.723176E+0
 247.184750 1.598782E+0 247.302875 1.497482E+0 247.421000 1.388804E+0
 247.539125 1.272438E+0 247.657250 1.148441E+0 247.775375 1.017709E+0
 247.952563 8.166278E-1 248.011625 7.529926E-1 248.062813 7.027139E-1
 248.098250 6.723899E-1 248.121875 6.551117E-1 248.145500 6.408988E-1
 248.169125 6.305169E-1 248.186844 6.257981E-1 248.204563 6.242200E-1
 248.222282 6.263199E-1 248.240000 6.327163E-1 248.255750 6.425828E-1
 248.271500 6.569748E-1 248.283313 6.711225E-1 248.295125 6.884741E-1
 248.306938 7.093604E-1 248.318750 7.341350E-1 248.330563 7.631913E-1
 248.342375 7.969474E-1 248.354188 8.358687E-1 248.366000 8.804467E-1
 248.375844 9.223096E-1 248.385688 9.688132E-1 248.395532 1.020315E+0
 248.405375 1.077191E+0 248.415219 1.139857E+0 248.425063 1.208740E+0
 248.434907 1.284297E+0 248.444750 1.367005E+0 248.455087 1.462132E+0
 248.465423 1.566342E+0 248.475759 1.680310E+0 248.486094 1.804732E+0
 248.496430 1.940379E+0 248.504797 2.058936E+0 248.514641 2.209084E+0
 248.524485 2.371472E+0 248.534329 2.546880E+0 248.543188 2.716545E+0
 248.555000 2.961279E+0 248.566813 3.228616E+0 248.576657 3.469811E+0
 248.588469 3.782790E+0 248.600282 4.123175E+0 248.612094 4.492749E+0
 248.624300 4.907381E+0 248.636900 5.372596E+0 248.647040 5.776107E+0
 248.660034 6.333470E+0 248.669188 6.754735E+0 248.679819 7.275221E+0
 248.690450 7.830879E+0 248.704625 8.629428E+0 248.718800 9.497627E+0
 248.733763 1.049425E+1 248.744788 1.128408E+1 248.755813 1.212321E+1
 248.766838 1.301362E+1 248.779438 1.409654E+1 248.793613 1.540154E+1
 248.808575 1.688285E+1 248.824325 1.856234E+1 248.836925 1.999801E+1
 248.851100 2.171424E+1 248.865275 2.354059E+1 248.879450 2.547993E+1
 248.898350 2.824578E+1 248.913313 3.058432E+1 248.929850 3.332411E+1
 248.946388 3.622842E+1 248.968438 4.035667E+1 248.990488 4.477475E+1
 249.012538 4.947585E+1 249.040100 5.573243E+1 249.062150 6.102173E+1
 249.095225 6.937602E+1 249.128300 7.814715E+1 249.194450 9.643129E+1
 249.260600 1.146457E+2 249.298400 1.244633E+2 249.333050 1.327785E+2
 249.364550 1.395837E+2 249.392900 1.449662E+2 249.418100 1.490784E+2
 249.442040 1.523427E+2 249.473540 1.556142E+2 249.504725 1.576462E+2
 249.535910 1.584401E+2 249.540635 1.584517E+2 249.572450 1.577894E+2
 249.603950 1.558922E+2 249.635450 1.528225E+2 249.670888 1.480813E+2
 249.698450 1.435518E+2 249.729950 1.375986E+2 249.761450 1.309582E+2
 249.808700 1.200480E+2 249.931550 8.974422E+1 249.978800 7.856799E+1
 250.018175 6.983705E+1 250.049675 6.332412E+1 250.081175 5.727662E+1
 250.104800 5.306169E+1 250.128425 4.912716E+1 250.152050 4.547329E+1
 250.174494 4.225884E+1 250.194575 3.959019E+1 250.214657 3.711146E+1
 250.234738 3.481607E+1 250.254819 3.269618E+1 250.274900 3.074330E+1
 250.294982 2.894836E+1 250.315063 2.730222E+1 250.335144 2.579528E+1
 250.355225 2.441803E+1 250.375307 2.316098E+1 250.401688 2.167700E+1
 250.421375 2.068246E+1 250.441063 1.977548E+1 250.470594 1.856293E+1
 250.500125 1.750700E+1 250.529657 1.658631E+1 250.559188 1.578192E+1
 250.588719 1.507704E+1 250.618250 1.445707E+1 250.647782 1.390937E+1
 250.677313 1.342318E+1 250.716688 1.285490E+1 250.756063 1.236181E+1
 250.795438 1.192968E+1 250.854500 1.137193E+1 250.913563 1.089839E+1
 250.972625 1.048936E+1 251.039563 1.008643E+1 251.122250 9.657830E+0
 251.204938 9.288826E+0 251.287625 8.966889E+0 251.397875 8.595694E+0
 251.531750 8.214745E+0 251.610500 8.019231E+0 251.768000 7.678548E+0
 251.925500 7.391524E+0 252.083000 7.146275E+0 252.240500 6.934222E+0
 252.476750 6.664916E+0 252.713000 6.440928E+0 252.980750 6.228595E+0
 253.248500 6.050094E+0 253.650125 5.829818E+0 254.099000 5.633153E+0
 254.571500 5.466653E+0 255.044000 5.330442E+0 255.611000 5.196401E+0
 256.178000 5.086236E+0 257.123000 4.940285E+0 258.257000 4.807696E+0
 259.453618 4.700813E+0 260.712853 4.612807E+0 262.637486 4.510086E+0
 263.932502 4.455686E+0 266.810316 4.361883E+0 271.127036 4.262856E+0
 275.443756 4.191153E+0 282.852413 4.100113E+0 294.457881 3.994040E+0
 335.309129 3.682816E+0 350.164128 3.550131E+0 363.162253 3.411464E+0
 372.446627 3.293130E+0 381.731001 3.152369E+0 389.158501 3.018110E+0
 394.729126 2.900913E+0 399.838000 2.777760E+0 404.716000 2.642798E+0
 407.968000 2.541425E+0 411.423250 2.421875E+0 415.081750 2.279482E+0
 417.724000 2.164828E+0 420.163000 2.048937E+0 422.602000 1.921810E+0
 425.041000 1.782075E+0 426.667000 1.681098E+0 428.293000 1.573254E+0
 429.919000 1.458003E+0 431.545000 1.334822E+0 433.171000 1.203257E+0
 434.797000 1.063006E+0 436.016500 9.521051E-1 437.439250 8.168266E-1
 438.862000 6.760665E-1 442.012375 3.552635E-1 442.723750 2.848758E-1
 443.231875 2.362754E-1 443.651079 1.976620E-1 443.968657 1.695566E-1
 444.222719 1.479385E-1 444.425969 1.312812E-1 444.654625 1.133015E-1
 444.845173 9.899961E-2 445.023016 8.626862E-2 445.181806 7.545168E-2
 445.308837 6.720167E-2 445.435868 5.933527E-2 445.556547 5.223962E-2
 445.667700 4.604855E-2 445.756622 4.134592E-2 445.855071 3.641138E-2
 445.950344 3.192047E-2 446.029739 2.840110E-2 446.102782 2.534952E-2
 446.179000 2.236248E-2 446.229813 2.048652E-2 446.280625 1.870555E-2
 446.325086 1.722687E-2 446.369547 1.582419E-2 446.414008 1.449911E-2
 446.458469 1.325326E-2 446.506106 1.200822E-2 446.553743 1.085813E-2
 446.598204 9.872261E-3 446.636313 9.095882E-3 446.674422 8.384064E-3
 446.709356 7.789252E-3 446.742702 7.273824E-3 446.776047 6.810348E-3
 446.807805 6.417961E-3 446.839563 6.074131E-3 446.864969 5.834517E-3
 446.890375 5.626816E-3 446.912606 5.471548E-3 446.934837 5.341263E-3
 446.963419 5.210881E-3 446.988825 5.130465E-3 447.011850 5.086774E-3
 447.033286 5.071317E-3 447.057105 5.082967E-3 447.079732 5.122434E-3
 447.107917 5.210749E-3 447.131735 5.319636E-3 447.155554 5.460279E-3
 447.179372 5.633019E-3 447.204778 5.853064E-3 447.233360 6.145311E-3
 447.258766 6.445302E-3 447.284172 6.783616E-3 447.309579 7.160721E-3
 447.334985 7.577051E-3 447.366743 8.153362E-3 447.398500 8.792616E-3
 447.427083 9.422589E-3 447.455665 1.010499E-2 447.487423 1.092560E-2
 447.525532 1.199831E-2 447.563641 1.316864E-2 447.592223 1.411151E-2
 447.623981 1.522562E-2 447.655739 1.641071E-2 447.687497 1.766784E-2
 447.722430 1.913513E-2 447.760540 2.083847E-2 447.798649 2.265069E-2
 447.836759 2.457385E-2 447.881220 2.696032E-2 447.932032 2.987996E-2
 447.982845 3.300950E-2 448.033657 3.635387E-2 448.084470 3.991840E-2
 448.135282 4.370826E-2 448.186095 4.772906E-2 448.236907 5.198625E-2
 448.294071 5.706546E-2 448.357587 6.307885E-2 448.421102 6.949293E-2
 448.484618 7.632020E-2 448.554485 8.432243E-2 448.630704 9.366041E-2
 448.706923 1.036560E-1 448.783141 1.143337E-1 448.865711 1.267007E-1
 448.954633 1.409866E-1 449.043555 1.563190E-1 449.132477 1.727438E-1
 449.205520 1.870866E-1 449.291266 2.049432E-1 449.377012 2.239455E-1
 449.462758 2.441424E-1 449.548504 2.655855E-1 449.634250 2.883284E-1
 449.729524 3.151921E-1 449.824798 3.438123E-1 449.920071 3.742749E-1
 450.015344 4.066713E-1 450.110618 4.410979E-1 450.205891 4.776557E-1
 450.301165 5.164525E-1 450.428196 5.718602E-1 450.555227 6.317363E-1
 450.650500 6.797603E-1 450.764829 7.411325E-1 450.879157 8.068292E-1
 450.993485 8.771253E-1 451.107813 9.523149E-1 451.222141 1.032714E+0
 451.336469 1.118662E+0 451.450798 1.210524E+0 451.565125 1.308691E+0
 451.679454 1.413589E+0 451.793782 1.525672E+0 451.914461 1.652321E+0
 452.047844 1.803012E+0 452.181227 1.965844E+0 452.314610 2.141830E+0
 452.447993 2.332083E+0 452.581375 2.537825E+0 452.714758 2.760408E+0
 452.848141 3.001321E+0 452.981524 3.262209E+0 453.114907 3.544896E+0
 453.248290 3.851405E+0 453.381672 4.183983E+0 453.515055 4.545139E+0
 453.648438 4.937667E+0 453.781821 5.364696E+0 453.915204 5.829730E+0
 454.048586 6.336704E+0 454.181969 6.890057E+0 454.315352 7.494790E+0
 454.448735 8.156571E+0 454.582118 8.881845E+0 454.715500 9.677959E+0
 454.837450 1.047497E+1 454.959400 1.134555E+1 455.081350 1.229804E+1
 455.203300 1.334195E+1 455.325250 1.448814E+1 455.447200 1.574910E+1
 455.569150 1.713918E+1 455.691100 1.867504E+1 455.772400 1.978934E+1
 455.853700 2.098346E+1 455.935000 2.226460E+1 456.016300 2.364082E+1
 456.123007 2.560655E+1 456.229713 2.777473E+1 456.336419 3.017226E+1
 456.443125 3.283056E+1 456.514263 3.476564E+1 456.585400 3.684539E+1
 456.656538 3.908392E+1 456.727675 4.149692E+1 456.798813 4.410222E+1
 456.869950 4.691980E+1 456.941088 4.997250E+1 457.012225 5.328611E+1
 457.083363 5.689027E+1 457.154500 6.081873E+1 457.238341 6.591854E+1
 457.294235 6.963530E+1 457.350129 7.363502E+1 457.406022 7.794647E+1
 457.461916 8.260247E+1 457.517810 8.764001E+1 457.573704 9.310129E+1
 457.627057 9.875379E+1 457.677869 1.045806E+2 457.728682 1.108879E+2
 457.779494 1.177292E+2 457.830307 1.251658E+2 457.881119 1.332674E+2
 457.931932 1.421144E+2 457.982744 1.517984E+2 458.031016 1.618699E+2
 458.076748 1.722901E+2 458.122479 1.836673E+2 458.168210 1.961153E+2
 458.213941 2.097629E+2 458.259673 2.247559E+2 458.305404 2.412576E+2
 458.351135 2.594520E+2 458.391785 2.772117E+2 458.427354 2.941066E+2
 458.462923 3.123876E+2 458.498491 3.321789E+2 458.534060 3.536151E+2
 458.569629 3.768379E+2 458.605198 4.019973E+2 458.640766 4.292498E+2
 458.676335 4.587605E+2 458.711904 4.906969E+2 458.747473 5.252300E+2
 458.783041 5.625303E+2 458.818610 6.027693E+2 458.854179 6.461098E+2
 458.889748 6.927063E+2 458.925316 7.426983E+2 458.971047 8.121613E+2
 459.012968 8.811213E+2 459.054888 9.552337E+2 459.096809 1.034527E+3
 459.138729 1.118937E+3 459.189541 1.227883E+3 459.235273 1.331764E+3
 459.303869 1.496684E+3 459.395332 1.729333E+3 459.532525 2.087077E+3
 459.611793 2.285159E+3 459.671244 2.422995E+3 459.723580 2.533393E+3
 459.772360 2.624792E+3 459.821140 2.703217E+3 459.882115 2.780573E+3
 459.922765 2.818223E+3 459.963415 2.844082E+3 460.012195 2.859063E+3
 460.029472 2.860118E+3 460.081300 2.849964E+3 460.121950 2.828237E+3
 460.162600 2.794832E+3 460.219510 2.729574E+3 460.276420 2.644675E+3
 460.340444 2.528923E+3 460.404468 2.395812E+3 460.472557 2.240265E+3
 460.599588 1.929908E+3 460.701213 1.680557E+3 460.777432 1.501618E+3
 460.828244 1.388448E+3 460.889219 1.260469E+3 460.942573 1.156186E+3
 460.995925 1.059463E+3 461.049279 9.703997E+2 461.102632 8.889166E+2
 461.138200 8.386923E+2 461.178850 7.851578E+2 461.219500 7.355742E+2
 461.260150 6.897397E+2 461.300800 6.474375E+2 461.341450 6.084427E+2
 461.382100 5.725276E+2 461.422750 5.394664E+2 461.463400 5.090388E+2
 461.514213 4.743852E+2 461.565025 4.431255E+2 461.615838 4.148967E+2
 461.666650 3.893689E+2 461.717463 3.662419E+2 461.768275 3.452485E+2
 461.819088 3.261486E+2 461.869900 3.087312E+2 461.923254 2.920489E+2
 461.976607 2.768261E+2 462.047744 2.585159E+2 462.118882 2.421734E+2
 462.190019 2.275204E+2 462.261157 2.143247E+2 462.332294 2.023928E+2
 462.403432 1.915616E+2 462.484732 1.803564E+2 462.576194 1.690442E+2
 462.667657 1.589089E+2 462.759119 1.497862E+2 462.850582 1.415396E+2
 462.942044 1.340559E+2 463.033507 1.272398E+2 463.124969 1.210110E+2
 463.221513 1.149979E+2 463.323138 1.092181E+2 463.424763 1.039354E+2
 463.526388 9.909225E+1 463.678825 9.254544E+1 463.831263 8.673921E+1
 463.983700 8.156180E+1 464.136138 7.692200E+1 464.288575 7.274485E+1
 464.441013 6.896799E+1 464.593450 6.553939E+1 464.745888 6.241529E+1
 464.898325 5.955897E+1 465.126982 5.570984E+1 465.309907 5.295625E+1
 465.523319 5.005755E+1 465.736732 4.745131E+1 465.950144 4.509739E+1
 466.163557 4.296229E+1 466.376969 4.101824E+1 466.697088 3.841062E+1
 466.910500 3.685031E+1 467.164563 3.515325E+1 467.418625 3.360955E+1
 467.799719 3.154099E+1 468.180813 2.972347E+1 468.561907 2.811584E+1
 468.943000 2.668524E+1 469.324094 2.540514E+1 469.705188 2.425396E+1
 470.213313 2.288949E+1 470.721438 2.168985E+1 471.178750 2.072879E+1
 471.788500 1.959178E+1 472.398250 1.859325E+1 473.008000 1.771101E+1
 473.617750 1.692661E+1 474.227500 1.622513E+1 475.040500 1.539821E+1
 475.853500 1.467463E+1 476.666500 1.403665E+1 477.479500 1.347031E+1
 478.292500 1.296448E+1 479.512000 1.230002E+1 480.731500 1.172822E+1
 482.103438 1.117387E+1 483.475375 1.069653E+1 484.390000 1.041235E+1
 486.016000 9.964312E+0 487.642000 9.577086E+0 489.268000 9.239245E+0
 491.707000 8.806452E+0 494.146000 8.443570E+0 496.585000 8.135079E+0
 499.024000 7.869698E+0 502.479250 7.551943E+0 506.137750 7.272289E+0
 509.999500 7.025724E+0 514.471000 6.787912E+0 519.349000 6.572366E+0
 525.770430 6.340828E+0 532.839720 6.136261E+0 539.909009 5.969822E+0
 549.334728 5.790831E+0 561.116876 5.615835E+0 575.255454 5.454451E+0
 590.572247 5.320036E+0 610.601899 5.185726E+0 634.166196 5.067199E+0
 664.799782 4.953384E+0 704.859087 4.846631E+0 759.056969 4.746019E+0
 829.749860 4.656930E+0 928.719907 4.574288E+0 1070.10569 4.498875E+0
 1286.39735 4.427823E+0 1674.92025 4.349920E+0 2002.10000 4.284873E+0
 2120.83750 4.238569E+0 2183.82000 4.190246E+0 2220.16400 4.140204E+0
 2245.99715 4.080670E+0 2262.29000 4.021604E+0 2273.68880 3.961543E+0
 2281.61840 3.904515E+0 2288.72200 3.836503E+0 2294.29750 3.766155E+0
 2299.87300 3.672786E+0 2303.59000 3.591502E+0 2307.10050 3.494107E+0
 2309.73338 3.402541E+0 2311.74675 3.317892E+0 2314.01825 3.201904E+0
 2315.67025 3.099471E+0 2317.21900 2.985164E+0 2318.25150 2.896528E+0
 2319.28400 2.795553E+0 2320.44557 2.663820E+0 2321.21994 2.562966E+0
 2321.99432 2.449423E+0 2322.63963 2.343337E+0 2323.41400 2.199673E+0
 2323.93025 2.092304E+0 2324.44650 1.974181E+0 2324.96275 1.843845E+0
 2325.34994 1.737117E+0 2325.73713 1.621928E+0 2326.12432 1.497638E+0
 2326.51150 1.363802E+0 2326.89869 1.220458E+0 2327.28588 1.068870E+0
 2327.75050 8.827554E-1 2327.97637 7.968465E-1 2328.11188 7.500446E-1
 2328.20223 7.221754E-1 2328.29257 6.980763E-1 2328.36033 6.832082E-1
 2328.42808 6.718009E-1 2328.49907 6.644076E-1 2328.55069 6.625584E-1
 2328.60232 6.642179E-1 2328.65394 6.699387E-1 2328.70557 6.803540E-1
 2328.74429 6.916735E-1 2328.78300 7.063687E-1 2328.82173 7.248242E-1
 2328.86044 7.474284E-1 2328.90239 7.771372E-1 2328.93466 8.040598E-1
 2328.96693 8.348588E-1 2328.99919 8.698548E-1 2329.03146 9.094263E-1
 2329.06372 9.539312E-1 2329.09599 1.003807E+0 2329.12825 1.059462E+0
 2329.15729 1.114904E+0 2329.19601 1.197353E+0 2329.23473 1.290396E+0
 2329.26054 1.358790E+0 2329.28636 1.432676E+0 2329.31217 1.512326E+0
 2329.33798 1.598112E+0 2329.36702 1.702422E+0 2329.39928 1.828601E+0
 2329.43155 1.966427E+0 2329.46381 2.116638E+0 2329.49285 2.263201E+0
 2329.51867 2.403098E+0 2329.55738 2.630848E+0 2329.59287 2.859952E+0
 2329.62191 3.062873E+0 2329.65095 3.280564E+0 2329.68774 3.578870E+0
 2329.72646 3.921828E+0 2329.76130 4.257594E+0 2329.80002 4.663026E+0
 2329.83099 5.013280E+0 2329.86842 5.469311E+0 2329.90585 5.963287E+0
 2329.94586 6.535914E+0 2329.97812 7.033139E+0 2330.01426 7.629921E+0
 2330.05814 8.414140E+0 2330.09428 9.111877E+0 2330.13558 9.969783E+0
 2330.17430 1.083576E+1 2330.21818 1.189304E+1 2330.26722 1.317511E+1
 2330.30336 1.419109E+1 2330.34466 1.542938E+1 2330.39112 1.692488E+1
 2330.44017 1.862644E+1 2330.49179 2.055882E+1 2330.54342 2.264236E+1
 2330.59504 2.488124E+1 2330.65183 2.752940E+1 2330.69829 2.984320E+1
 2330.76024 3.313811E+1 2330.82219 3.667489E+1 2330.88672 4.061629E+1
 2330.95900 4.533915E+1 2331.03127 5.037783E+1 2331.10355 5.571871E+1
 2331.19389 6.278515E+1 2331.30230 7.176331E+1 2331.44685 8.436704E+1
 2331.71530 1.083935E+2 2331.83920 1.190490E+2 2331.94245 1.273749E+2
 2332.04570 1.349874E+2 2332.13863 1.410744E+2 2332.22123 1.457725E+2
 2332.29350 1.492705E+2 2332.39469 1.531239E+2 2332.47977 1.553625E+2
 2332.55782 1.565802E+2 2332.63629 1.569855E+2 2332.72096 1.565048E+2
 2332.79427 1.553345E+2 2332.87170 1.533667E+2 2332.96463 1.500698E+2
 2333.04207 1.466043E+2 2333.13499 1.416770E+2 2333.23308 1.356923E+2
 2333.33633 1.286905E+2 2333.50153 1.164523E+2 2333.82160 9.162241E+1
 2333.92485 8.391554E+1 2334.02810 7.656861E+1 2334.13135 6.967018E+1
 2334.20879 6.483004E+1 2334.28623 6.029723E+1 2334.36367 5.608330E+1
 2334.44110 5.219397E+1 2334.47055 5.079984E+1 2334.50000 4.945236E+1
 2334.50000 1.544559E+1 2400.37142 1.530469E+1 2468.10150 1.515981E+1
 2537.74269 1.501084E+1 2609.34890 1.485767E+1 2646.41267 1.477838E+1
 2721.08517 1.464357E+1 2797.86467 1.450495E+1 2876.81062 1.436241E+1
 2957.98415 1.421586E+1 3000.00000 1.414000E+1 3084.64950 1.399722E+1
 3171.68751 1.385041E+1 3223.70980 1.376266E+1 3314.67161 1.362712E+1
 3408.20004 1.348775E+1 3504.36752 1.334445E+1 3590.93848 1.321545E+1
 3692.26220 1.308530E+1 3796.44491 1.295147E+1 3903.56730 1.281387E+1
 4000.00000 1.269000E+1 4112.86600 1.256428E+1 4228.91668 1.243502E+1
 4348.24191 1.230210E+1 4470.93408 1.216544E+1 4472.13596 1.216410E+1
 4598.32398 1.204360E+1 4728.07259 1.191969E+1 4861.48225 1.179228E+1
 4998.65627 1.166128E+1 5000.00000 1.166000E+1 5141.08250 1.155340E+1
 5286.14585 1.144380E+1 5435.30239 1.133110E+1 5477.22558 1.129942E+1
 5631.77372 1.119612E+1 5790.68266 1.108991E+1 5954.07546 1.098070E+1
 6000.00000 1.095000E+1 6169.29900 1.085552E+1 6343.37503 1.075837E+1
 6480.74070 1.068171E+1 6663.60452 1.058955E+1 6851.62812 1.049478E+1
 7000.00000 1.042000E+1 7197.51550 1.033902E+1 7400.60420 1.025575E+1
 7609.42334 1.017014E+1 7824.13464 1.008210E+1 8000.00000 1.001000E+1
 8225.73200 9.937089E+0 8457.83337 9.862120E+0 8696.48382 9.785036E+0
 8941.86816 9.705777E+0 9000.00000 9.687000E+0 9253.94850 9.617926E+0
 9515.06254 9.546903E+0 9783.54430 9.473876E+0 10000.0000 9.415000E+0
 10282.1650 9.353777E+0 10572.2917 9.290827E+0 10870.6048 9.226101E+0
 10905.0773 9.218621E+0 11212.7804 9.161084E+0 11529.1658 9.101923E+0
 11854.4785 9.041093E+0 12188.9704 8.978546E+0 12532.9005 8.914235E+0
 12690.5095 8.884764E+0 13048.5913 8.827966E+0 13416.7768 8.769565E+0
 13795.3513 8.709516E+0 14184.6079 8.647773E+0 14218.9260 8.642329E+0
 14620.1343 8.586083E+0 15032.6633 8.528250E+0 15456.8325 8.468785E+0
 15484.8711 8.464855E+0 15921.8000 8.411224E+0 16371.0574 8.356080E+0
 16832.9914 8.299380E+0 17307.9595 8.241081E+0 17598.2221 8.205453E+0
 18094.7823 8.153466E+0 18605.3538 8.100012E+0 19130.3317 8.045049E+0
 19670.1227 7.988536E+0 20000.0000 7.954000E+0 20564.3300 7.912029E+0
 21144.5834 7.868873E+0 21741.2096 7.824500E+0 22133.6384 7.795314E+0
 22758.1722 7.755432E+0 23400.3282 7.714424E+0 24060.6035 7.672259E+0
 24739.5096 7.628904E+0 25437.5719 7.584326E+0 25768.3750 7.563201E+0
 26495.4684 7.524506E+0 27243.0777 7.484720E+0 28011.7820 7.443810E+0
 28802.1765 7.401747E+0 29614.8731 7.358496E+0 30000.0000 7.338000E+0
 30846.4950 7.308865E+0 31716.8751 7.278907E+0 32611.8143 7.248104E+0
 33532.0056 7.216432E+0 34478.1614 7.183867E+0 34641.0162 7.178261E+0
 35618.4644 7.149760E+0 36623.4928 7.120455E+0 37656.8796 7.090323E+0
 38719.4250 7.059340E+0 39811.9516 7.027483E+0 40000.0000 7.022000E+0
 41128.6600 6.999878E+0 42289.1668 6.977132E+0 43482.4191 6.953745E+0
 44709.3408 6.929697E+0 45970.8819 6.904971E+0 47268.0193 6.879547E+0
 48601.7574 6.853406E+0 49973.1288 6.826527E+0 50000.0000 6.826000E+0
 51410.8250 6.806390E+0 52861.4585 6.786226E+0 54353.0239 6.765493E+0
 55886.6760 6.744175E+0 57463.6024 6.722256E+0 59085.0241 6.699718E+0
 60000.0000 6.687000E+0 61692.9900 6.669224E+0 63433.7503 6.650946E+0
 65223.6287 6.632152E+0 67064.0112 6.612828E+0 68956.3229 6.592959E+0
 70000.0000 6.582000E+0 71975.1550 6.566001E+0 74006.0420 6.549551E+0
 76094.2334 6.532637E+0 78241.3464 6.515245E+0 80000.0000 6.501000E+0
 82257.3200 6.486327E+0 84578.3337 6.471241E+0 86964.8382 6.455729E+0
 89418.6816 6.439779E+0 90000.0000 6.436000E+0 92539.4850 6.422541E+0
 95150.6254 6.408702E+0 97835.4430 6.394472E+0 100000.000 6.383000E+0
 102821.650 6.371008E+0 105722.917 6.358678E+0 108706.048 6.345999E+0
 111773.352 6.332963E+0 114927.205 6.319559E+0 118170.048 6.305777E+0
 120000.000 6.298000E+0 123385.980 6.287165E+0 126867.501 6.276024E+0
 130447.257 6.264569E+0 134128.022 6.252790E+0 137912.646 6.240680E+0
 140000.000 6.234000E+0 143950.310 6.224124E+0 148012.084 6.213970E+0
 152188.467 6.203529E+0 156482.693 6.192793E+0 160000.000 6.184000E+0
 164514.640 6.175196E+0 169156.667 6.166144E+0 173929.676 6.156837E+0
 178837.363 6.147267E+0 180000.000 6.145000E+0 185078.970 6.137382E+0
 190301.251 6.129548E+0 195670.886 6.121494E+0 200000.000 6.115000E+0
 205643.300 6.109582E+0 211445.834 6.104012E+0 217412.096 6.098284E+0
 223546.704 6.092395E+0 229854.410 6.086340E+0 236340.096 6.080114E+0
 243008.787 6.073712E+0 249865.644 6.067129E+0 250000.000 6.067000E+0
 300000.000 6.044000E+0 300000.000 6.043954E+0 350000.000 6.035993E+0
 400000.000 5.958988E+0 450000.000 5.765007E+0 507054.125 5.624726E+0
 565519.075 5.530136E+0 642168.751 5.443831E+0 771162.375 5.346879E+0
 850000.000 5.299994E+0 912697.425 5.211668E+0 976805.675 5.111472E+0
 1110899.93 4.952286E+0 1216929.90 4.836885E+0 1351523.26 4.660621E+0
 1560604.63 4.398803E+0 1645146.40 4.290119E+0 1800000.00 4.089986E+0
 1897366.60 3.844112E+0 2000000.00 3.613014E+0 2178402.56 3.430204E+0
 2381330.82 3.233375E+0 2584242.00 3.047854E+0 2839503.10 2.834583E+0
 3042324.75 2.681156E+0 3250000.00 2.541001E+0 3483924.87 2.401264E+0
 3750000.00 2.267001E+0 4000000.00 2.163001E+0 4250000.00 2.079001E+0
 4500000.00 2.013001E+0 4750000.00 1.963001E+0 5000000.00 1.928001E+0
 5500000.00 1.891001E+0 6000000.00 1.890001E+0 6500000.00 1.915001E+0
 7000000.00 1.957001E+0 7605811.88 2.023909E+0 9634028.38 2.279547E+0
 10141082.5 2.335967E+0 11000000.0 2.420999E+0 12000000.0 2.491999E+0
 13000000.0 2.530999E+0 14000000.0 2.540999E+0 15000000.0 2.524999E+0
 16000000.0 2.486999E+0 17000000.0 2.432000E+0 18253948.5 2.343192E+0
 20000000.0 2.202003E+0                                            
