 1.000000E-5 7.404677E+3 1.102400E-5 7.052395E+3 1.215040E-5 6.717542E+3
 1.339460E-5 6.397962E+3 1.476330E-5 6.094172E+3 1.627500E-5 5.804254E+3
 1.793810E-5 5.528651E+3 1.977490E-5 5.265629E+3 2.179560E-5 5.015609E+3
 2.402740E-5 4.776993E+3 2.648260E-5 4.550177E+3 2.919430E-5 4.333708E+3
 3.217750E-5 4.127937E+3 3.547230E-5 3.931559E+3 3.909700E-5 3.744881E+3
 4.310050E-5 3.566723E+3 4.750460E-5 3.397372E+3 5.236900E-5 3.235747E+3
 5.772020E-5 3.082113E+3 6.363060E-5 2.935487E+3 7.013260E-5 2.796109E+3
 7.731390E-5 2.663092E+3 8.521420E-5 2.536648E+3 9.393980E-5 2.415975E+3
 1.035390E-4 2.301265E+3 1.141410E-4 2.191790E+3 1.258040E-4 2.087726E+3
 1.386860E-4 1.988414E+3 1.528580E-4 1.894005E+3 1.685100E-4 1.803907E+3
 1.857290E-4 1.718262E+3 2.047470E-4 1.636527E+3 2.256690E-4 1.558830E+3
 2.487770E-4 1.484679E+3 2.741980E-4 1.414195E+3 3.022750E-4 1.346925E+3
 3.331620E-4 1.282983E+3 3.672770E-4 1.221958E+3 4.048070E-4 1.163950E+3
 4.462580E-4 1.108589E+3 4.918580E-4 1.055966E+3 5.422230E-4 1.005744E+3
 5.976290E-4 9.580050E+2 6.588240E-4 9.124455E+2 7.261450E-4 8.691379E+2
 8.005010E-4 8.278076E+2 8.822990E-4 7.885209E+2 9.726430E-4 7.510282E+2
 1.072032E-3 7.153889E+2 1.181804E-3 6.813774E+2 1.302565E-3 6.490477E+2
 1.435944E-3 6.181946E+2 1.582674E-3 5.888674E+2 1.744735E-3 5.608799E+2
 1.923019E-3 5.342767E+2 2.119930E-3 5.088891E+2 2.336552E-3 4.847576E+2
 2.575808E-3 4.617291E+2 2.839014E-3 4.398402E+2 3.129720E-3 4.189520E+2
 3.449526E-3 3.990980E+2 3.802747E-3 3.801520E+2 4.191326E-3 3.621447E+2
 4.620505E-3 3.449615E+2 5.092645E-3 3.286305E+2 5.614117E-3 3.130486E+2
 6.187788E-3 2.982416E+2 6.821398E-3 2.841161E+2 7.518434E-3 2.706945E+2
 8.288299E-3 2.578894E+2 9.135227E-3 2.457187E+2 1.007065E-2 2.341021E+2
 1.109970E-2 2.230578E+2 1.223628E-2 2.125186E+2 1.348663E-2 2.025097E+2
 1.486762E-2 1.929626E+2 1.638684E-2 1.838932E+2 1.806481E-2 1.752381E+2
 1.991073E-2 1.670095E+2 2.194953E-2 1.591595E+2 2.419242E-2 1.517056E+2
 2.508752E-2 1.490160E+2 2.530000E-2 1.483987E+2 2.789064E-2 1.414510E+2
 3.074061E-2 1.348480E+2 3.388836E-2 1.285498E+2 3.735119E-2 1.225721E+2
 4.117584E-2 1.168835E+2 4.538334E-2 1.114907E+2 5.003046E-2 1.063429E+2
 5.514275E-2 1.014464E+2 6.078921E-2 9.678027E+1 6.700087E-2 9.235497E+1
 7.386156E-2 8.814240E+1 8.140900E-2 8.415119E+1 8.974504E-2 8.036521E+1
 9.891551E-2 7.677671E+1 0.10904416 7.334948E+1 0.12018669 7.010324E+1
 0.13249345 6.701995E+1 0.14603211 6.410454E+1 0.16098536 6.133901E+1
 0.17743543 5.873198E+1 0.19560428 5.625890E+1 0.21559184 5.392859E+1
 0.23766780 5.174429E+1 0.26195356 4.966683E+1 0.28877682 4.770856E+1
 0.31828508 4.587506E+1 0.35087652 4.415555E+1 0.38673036 4.255437E+1
 0.42633038 4.106265E+1 0.47652376 3.949554E+1 0.53262658 3.807251E+1
 0.59533458 3.679409E+1 0.66542542 3.566266E+1 0.74376829 3.468147E+1
 0.83133475 3.386156E+1 0.92921072 3.321261E+1 1.02920704 3.278226E+1
 1.14362938 3.252481E+1 1.23004625 3.247222E+1 1.35599929 3.258752E+1
 1.49456023 3.295321E+1 1.62467736 3.351164E+1 1.76612255 3.435041E+1
 1.89353915 3.531873E+1 2.02975528 3.659133E+1 2.14591649 3.788782E+1
 2.26872551 3.949404E+1 2.36565190 4.095312E+1 2.46624184 4.266883E+1
 2.57160668 4.471558E+1 2.68095403 4.715091E+1 2.75660117 4.905005E+1
 2.83438281 5.121424E+1 2.91435917 5.368296E+1 2.99659219 5.651818E+1
 3.08114553 5.980716E+1 3.14634989 6.263835E+1 3.21278080 6.582601E+1
 3.28045558 6.943325E+1 3.34939153 7.353828E+1 3.42027261 7.828650E+1
 3.49248704 8.377062E+1 3.54107443 8.788797E+1 3.59103280 9.253430E+1
 3.64099116 9.765624E+1 3.69235917 1.034902E+2 3.74372719 1.099867E+2
 3.79654463 1.174689E+2 3.83615771 1.236964E+2 3.87651595 1.306636E+2
 3.91724677 1.384202E+2 3.95797759 1.470107E+2 3.99985770 1.568457E+2
 4.04173780 1.678596E+2 4.08401180 1.803756E+2 4.11271968 1.898010E+2
 4.14142755 2.000819E+2 4.17013543 2.113263E+2 4.19924832 2.238427E+2
 4.22876624 2.378351E+2 4.25828415 2.533255E+2 4.28780205 2.705351E+2
 4.31773641 2.900137E+2 4.34049952 3.063964E+2 4.36326262 3.243331E+2
 4.38602572 3.440352E+2 4.40878882 3.657475E+2 4.43176602 3.899900E+2
 4.45517142 4.174358E+2 4.47857682 4.480814E+2 4.50198222 4.824473E+2
 4.51758581 5.077377E+2 4.53318941 5.351936E+2 4.54879301 5.650768E+2
 4.56769319 6.049581E+2 4.58659338 6.494695E+2 4.60549357 6.993610E+2
 4.61809369 7.360525E+2 4.63069382 7.758532E+2 4.64329394 8.191281E+2
 4.65535513 8.641949E+2 4.66687738 9.109727E+2 4.67839963 9.618241E+2
 4.68992188 1.017242E+3 4.70144413 1.077797E+3 4.71296638 1.144153E+3
 4.72448863 1.217084E+3 4.73601088 1.297499E+3 4.74625288 1.376127E+3
 4.75521463 1.451166E+3 4.76417638 1.532747E+3 4.77313813 1.621665E+3
 4.78209988 1.718842E+3 4.79106163 1.825355E+3 4.80002338 1.942461E+3
 4.80898513 2.071644E+3 4.81698669 2.198612E+3 4.82402807 2.320622E+3
 4.83106944 2.453464E+3 4.83811082 2.598481E+3 4.84515219 2.757228E+3
 4.85219357 2.931513E+3 4.85923494 3.123444E+3 4.86627632 3.335487E+3
 4.87267757 3.548126E+3 4.87843869 3.757824E+3 4.88419982 3.987063E+3
 4.88996094 4.238242E+3 4.89572207 4.514094E+3 4.90148319 4.817711E+3
 4.90724432 5.152587E+3 4.91300544 5.522646E+3 4.91812644 5.884652E+3
 4.92260732 6.229697E+3 4.92708819 6.603701E+3 4.93156907 7.009276E+3
 4.93604994 7.449177E+3 4.94053082 7.926289E+3 4.94501169 8.443590E+3
 4.94949257 9.004116E+3 4.95365338 9.565958E+3 4.95941450 1.041416E+4
 4.96517563 1.134933E+4 4.97093675 1.237671E+4 4.97669788 1.350046E+4
 4.98245900 1.472315E+4 4.98886025 1.619838E+4 4.99526150 1.779357E+4
 5.00166275 1.950127E+4 5.00806400 2.130869E+4 5.01670569 2.387306E+4
 5.03661358 2.996158E+4 5.04487119 3.235672E+4 5.05312880 3.453748E+4
 5.05888993 3.588042E+4 5.06465105 3.704103E+4 5.07105230 3.808310E+4
 5.07617330 3.870845E+4 5.08129430 3.913486E+4 5.08641530 3.935375E+4
 5.08897580 3.938383E+4 5.09332865 3.931299E+4 5.09870570 3.901536E+4
 5.10382670 3.852206E+4 5.10894770 3.783430E+4 5.11406870 3.696591E+4
 5.11918970 3.593393E+4 5.12687120 3.412256E+4 5.13455270 3.206085E+4
 5.14537082 2.888180E+4 5.16489463 2.293226E+4 5.17353632 2.042202E+4
 5.17929744 1.883604E+4 5.18601875 1.709241E+4 5.19177988 1.569802E+4
 5.19754100 1.440053E+4 5.20330213 1.320128E+4 5.20906325 1.209930E+4
 5.21290400 1.141734E+4 5.21738488 1.067319E+4 5.22186575 9.982275E+3
 5.22634663 9.342018E+3 5.23082750 8.749632E+3 5.23530838 8.202206E+3
 5.23978925 7.696790E+3 5.24427013 7.230439E+3 5.24875100 6.800273E+3
 5.25387200 6.349393E+3 5.25899300 5.938185E+3 5.26411400 5.562939E+3
 5.26923500 5.220215E+3 5.27435600 4.906851E+3 5.27947700 4.619960E+3
 5.28459800 4.356924E+3 5.28971900 4.115378E+3 5.29612025 3.840449E+3
 5.30252150 3.592119E+3 5.30892275 3.367197E+3 5.31532400 3.162910E+3
 5.32172525 2.976858E+3 5.32812650 2.806960E+3 5.33452775 2.651410E+3
 5.34092900 2.508641E+3 5.34925063 2.339924E+3 5.35757225 2.187950E+3
 5.36589388 2.050560E+3 5.37421550 1.925930E+3 5.38253713 1.812514E+3
 5.39085875 1.708993E+3 5.39918038 1.614237E+3 5.40750200 1.527275E+3
 5.41774400 1.429712E+3 5.42798600 1.341351E+3 5.43822800 1.261064E+3
 5.44847000 1.187890E+3 5.45871200 1.121009E+3 5.46895400 1.059716E+3
 5.47919600 1.003406E+3 5.48943800 9.515496E+2 5.50096025 8.979675E+2
 5.51248250 8.488779E+2 5.52400475 8.037918E+2 5.53552700 7.622850E+2
 5.54704925 7.239883E+2 5.56433263 6.718678E+2 5.58161600 6.253264E+2
 5.59441850 5.939917E+2 5.61362225 5.513651E+2 5.63282600 5.133236E+2
 5.65202975 4.792361E+2 5.67123350 4.485747E+2 5.68403600 4.298147E+2
 5.70259963 4.047332E+2 5.72116325 3.818926E+2 5.73972688 3.610342E+2
 5.75829050 3.419379E+2 5.77685413 3.244151E+2 5.79541775 3.083023E+2
 5.82326319 2.864685E+2 5.84283088 2.726070E+2 5.86340263 2.591971E+2
 5.89426025 2.410495E+2 5.92511788 2.249478E+2 5.95597550 2.106013E+2
 5.98683313 1.977726E+2 6.01827122 1.860590E+2 6.04999954 1.754464E+2
 6.08172786 1.658953E+2 6.11345619 1.572755E+2 6.14518450 1.494762E+2
 6.17721124 1.423395E+2 6.20983482 1.357440E+2 6.25333293 1.278801E+2
 6.29683104 1.209418E+2 6.34032915 1.148042E+2 6.38505463 1.092188E+2
 6.42978010 1.042756E+2 6.47450558 9.989532E+1 6.51923105 9.601163E+1
 6.56521852 9.247696E+1 6.61120599 8.935600E+1 6.68018720 8.535580E+1
 6.74477258 8.225657E+1 6.80716004 7.977918E+1 6.86954750 7.775259E+1
 6.93356000 7.609269E+1 6.99757250 7.481618E+1 7.06478563 7.385259E+1
 7.14802548 7.315173E+1 7.22101911 7.295539E+1 7.29890625 7.315409E+1
 7.36209875 7.361527E+1 7.42980500 7.440318E+1 7.52008000 7.592763E+1
 7.59230000 7.754523E+1 7.66452000 7.952971E+1 7.75479500 8.255601E+1
 7.82250125 8.525267E+1 7.89020750 8.834643E+1 7.95791375 9.187240E+1
 8.02562000 9.587320E+1 8.09332625 1.004007E+2 8.16103250 1.055187E+2
 8.23511368 1.118852E+2 8.29300103 1.174873E+2 8.35088838 1.237124E+2
 8.40877572 1.306422E+2 8.46747976 1.384878E+2 8.52700049 1.474034E+2
 8.58652122 1.574299E+2 8.63116176 1.657827E+2 8.67580231 1.749502E+2
 8.72088923 1.851466E+2 8.76597615 1.964105E+2 8.81106308 2.088877E+2
 8.85615000 2.227517E+2 8.90128750 2.382282E+2 8.93514063 2.510324E+2
 8.96899375 2.649990E+2 9.00284688 2.802717E+2 9.03670000 2.970174E+2
 9.07190725 3.162031E+2 9.10711450 3.374430E+2 9.14232175 3.610354E+2
 9.17752900 3.873409E+2 9.21273625 4.167981E+2 9.24252700 4.445752E+2
 9.26960950 4.724342E+2 9.29669200 5.031233E+2 9.32377450 5.370391E+2
 9.35085700 5.746510E+2 9.37793950 6.165181E+2 9.40502200 6.633107E+2
 9.42307700 6.976349E+2 9.44113200 7.347851E+2 9.45918700 7.750825E+2
 9.47724200 8.188957E+2 9.49529700 8.666490E+2 9.51335200 9.188333E+2
 9.53501800 9.881130E+2 9.55668400 1.065770E+3 9.57112800 1.122884E+3
 9.58557200 1.184841E+3 9.60001600 1.252210E+3 9.61446000 1.325647E+3
 9.62890400 1.405911E+3 9.64650763 1.514259E+3 9.65824338 1.593789E+3
 9.66997913 1.679922E+3 9.68171488 1.773424E+3 9.69345063 1.875175E+3
 9.70518638 1.986193E+3 9.71692213 2.107657E+3 9.72730375 2.224914E+3
 9.74084500 2.393609E+3 9.75438625 2.582840E+3 9.76341375 2.722112E+3
 9.77244125 2.873290E+3 9.78146875 3.037783E+3 9.79049625 3.217210E+3
 9.79907238 3.403193E+3 9.80719713 3.595032E+3 9.81532188 3.803907E+3
 9.82344663 4.031852E+3 9.83157138 4.281181E+3 9.83969613 4.554530E+3
 9.84782088 4.854891E+3 9.85594563 5.185650E+3 9.86361900 5.529383E+3
 9.87084100 5.883992E+3 9.87806300 6.272128E+3 9.88528500 6.697412E+3
 9.89250700 7.163767E+3 9.89972900 7.675404E+3 9.90695100 8.236791E+3
 9.91417300 8.852598E+3 9.92049225 9.439839E+3 9.92861700 1.026668E+4
 9.93674175 1.118052E+4 9.94486650 1.218764E+4 9.95299125 1.329353E+4
 9.96111600 1.450246E+4 9.96788663 1.559054E+4 9.97691413 1.715592E+4
 9.98368475 1.841445E+4 9.99271225 2.019961E+4 10.0012884 2.199894E+4
 10.0134755 2.469826E+4 10.0482314 3.271075E+4 10.0593352 3.510266E+4
 10.0690849 3.701640E+4 10.0788346 3.869278E+4 10.0853344 3.965062E+4
 10.0925564 4.054387E+4 10.0997784 4.124029E+4 10.1070004 4.172596E+4
 10.1142224 4.199106E+4 10.1195667 4.204191E+4 10.1270776 4.190334E+4
 10.1329996 4.162299E+4 10.1402216 4.108309E+4 10.1474436 4.033616E+4
 10.1568322 3.908071E+4 10.1662208 3.754222E+4 10.1773247 3.542374E+4
 10.1884285 3.306439E+4 10.2080182 2.858564E+4 10.2283300 2.391841E+4
 10.2373575 2.193901E+4 10.2463850 2.005380E+4 10.2554125 1.827979E+4
 10.2644400 1.662813E+4 10.2725648 1.525124E+4 10.2806895 1.397949E+4
 10.2888143 1.281161E+4 10.2969390 1.174443E+4 10.3050638 1.077326E+4
 10.3109317 1.012840E+4 10.3172509 9.483932E+3 10.3235702 8.888279E+3
 10.3298894 8.338294E+3 10.3362087 7.830795E+3 10.3425279 7.362691E+3
 10.3488472 6.930953E+3 10.3551664 6.532713E+3 10.3619370 6.140086E+3
 10.3691590 5.756655E+3 10.3763810 5.406279E+3 10.3836030 5.085717E+3
 10.3908250 4.792024E+3 10.3980470 4.522532E+3 10.4052690 4.274844E+3
 10.4124910 4.046803E+3 10.4206158 3.811349E+3 10.4296433 3.573092E+3
 10.4386708 3.356610E+3 10.4476983 3.159373E+3 10.4567258 2.979187E+3
 10.4657533 2.814153E+3 10.4747808 2.662617E+3 10.4838083 2.523143E+3
 10.4941899 2.376038E+3 10.5059257 2.224894E+3 10.5176614 2.087879E+3
 10.5293972 1.963267E+3 10.5411329 1.849589E+3 10.5528687 1.745587E+3
 10.5646044 1.650183E+3 10.5763402 1.562444E+3 10.5894300 1.472640E+3
 10.6038740 1.382292E+3 10.6183180 1.300047E+3 10.6327620 1.224960E+3
 10.6472060 1.156219E+3 10.6616500 1.093123E+3 10.6760940 1.035070E+3
 10.6905380 9.815316E+2 10.7067875 9.261307E+2 10.7248425 8.699112E+2
 10.7428975 8.186661E+2 10.7609525 7.718237E+2 10.7790075 7.288927E+2
 10.7970625 6.894491E+2 10.8151175 6.531249E+2 10.8331725 6.195998E+2
 10.8530330 5.856215E+2 10.8746990 5.516484E+2 10.8963650 5.205474E+2
 10.9180310 4.920003E+2 10.9396970 4.657312E+2 10.9613630 4.415007E+2
 10.9830290 4.191016E+2 11.0155280 3.885495E+2 11.0435133 3.648271E+2
 11.0714985 3.432065E+2 11.0994838 3.234499E+2 11.1274690 3.053493E+2
 11.1554543 2.887223E+2 11.1834395 2.734100E+2 11.2114248 2.592754E+2
 11.2394100 2.462005E+2 11.2710063 2.325837E+2 11.3026025 2.200583E+2
 11.3341988 2.085117E+2 11.3657950 1.978452E+2 11.4131894 1.833082E+2
 11.4605838 1.703071E+2 11.4921800 1.623884E+2 11.5327137 1.530081E+2
 11.5732473 1.444124E+2 11.6137809 1.365162E+2 11.6543145 1.292459E+2
 11.6948482 1.225371E+2 11.7556486 1.134056E+2 11.8164491 1.052507E+2
 11.8789651 9.774295E+1 11.9414812 9.100465E+1 12.0039972 8.493502E+1
 12.0665132 7.945124E+1 12.1290293 7.448346E+1 12.1927213 6.988458E+1
 12.2570013 6.565347E+1 12.3212813 6.178749E+1 12.3855614 5.824875E+1
 12.4498413 5.500251E+1 12.5147259 5.199069E+1 12.5808197 4.916760E+1
 12.6689447 4.574407E+1 12.7570698 4.266241E+1 12.8451948 3.987872E+1
 12.9358064 3.728817E+1 13.0264180 3.493929E+1 13.1170296 3.280301E+1
 13.2076412 3.085452E+1 13.3008096 2.902445E+1 13.3939779 2.735048E+1
 13.4871463 2.581541E+1 13.5803146 2.440434E+1 13.6761119 2.306914E+1
 13.7719091 2.183907E+1 13.8677063 2.070344E+1 13.9635036 1.965288E+1
 14.0620039 1.865326E+1 14.2097544 1.729359E+1 14.3575048 1.607209E+1
 14.5094243 1.494227E+1 14.6613437 1.392563E+1 14.8146920 1.299942E+1
 14.9708981 1.214623E+1 15.1271042 1.137292E+1 15.2862487 1.065726E+1
 15.4468624 1.000012E+1 15.6074760 9.400817E+0 15.7726217 8.838019E+0
 15.9377673 8.323311E+0 16.1044662 7.847151E+0 16.2742717 7.402079E+0
 16.4440771 6.993046E+0 16.6170768 6.609495E+0 16.8498725 6.140224E+0
 17.0859525 5.712516E+0 17.3253169 5.322453E+0 17.5680583 4.965692E+0
 17.8141767 4.637894E+0 18.0637674 4.336815E+0 18.3168304 4.059828E+0
 18.5734637 3.804522E+0 18.8336673 3.568905E+0 19.0975419 3.351555E+0
 19.3650875 3.150204E+0 19.6364077 2.963355E+0 19.9115025 2.789986E+0
 20.1904784 2.628889E+0 20.4733354 2.479045E+0 20.7601830 2.339487E+0
 21.0510212 2.209393E+0 21.3459627 2.087912E+0 21.6450074 1.974339E+0
 21.9482711 1.868337E+0 22.2557537 1.769123E+0 22.5675744 1.676192E+0
 22.8837332 1.589085E+0 23.2043524 1.507585E+0 23.6919719 1.394815E+0
 24.1933503 1.291138E+0 24.5323183 1.227207E+0 25.0478438 1.138616E+0
 25.5779156 1.057075E+0 25.9362825 1.006576E+0 26.4813111 9.365045E-1
 27.0417186 8.717100E-1 27.6126678 8.121463E-1 28.1943076 7.574133E-1
 28.7867867 7.072030E-1 29.3959835 6.605013E-1 30.0166399 6.174013E-1
 30.6489175 5.777505E-1 31.2929781 5.410502E-1 31.9552119 5.068572E-1
 32.6299029 4.752136E-1 33.3172269 4.459242E-1 34.0173597 4.187675E-1
 34.7372479 3.933698E-1 35.4437243 3.705967E-1 35.9102380 3.566761E-1
 36.8179829 3.317247E-1 37.7257278 3.092814E-1 38.6334727 2.890571E-1
 39.5412175 2.707718E-1 40.6569323 2.506535E-1 41.5173295 2.366037E-1
 42.3939117 2.234964E-1 42.9836948 2.153152E-1 44.0799419 2.012230E-1
 45.3237236 1.869577E-1 46.2828812 1.769653E-1 47.1567609 1.685565E-1
 47.7109214 1.635079E-1 49.0571566 1.522868E-1 50.4341559 1.419450E-1
 51.8572313 1.324172E-1 53.1573906 1.245212E-1 54.6573061 1.163343E-1
 55.8806252 1.102451E-1 57.4573809 1.031373E-1 59.0172588 9.679562E-2
 60.6825193 9.074485E-2 61.9577101 8.646524E-2 63.1425842 8.273210E-2
 64.9242469 7.765319E-2 66.7561819 7.294085E-2 68.5890534 6.867900E-2
 70.4045432 6.484915E-2 72.2200329 6.136254E-2 74.0355227 5.817966E-2
 75.8510124 5.526658E-2 77.6665021 5.259402E-2 79.4819918 5.013748E-2
 81.7246954 4.736713E-2 83.9870309 4.483391E-2 86.2395504 4.254275E-2
 88.4920699 4.045585E-2 90.7445894 3.855070E-2 92.9971089 3.680794E-2
 95.2496284 3.521082E-2 97.5021479 3.374485E-2 99.7546675 3.239737E-2
 103.133447 3.058285E-2 106.512226 2.896242E-2 109.891006 2.754106E-2
 113.269785 2.627020E-2 116.648564 2.515591E-2 120.027343 2.416230E-2
 123.406123 2.329619E-2 126.289316 2.265513E-2 129.852758 2.193645E-2
 133.542460 2.130339E-2 137.310561 2.078251E-2 142.180921 2.025152E-2
 147.057577 1.989325E-2 152.511082 1.969963E-2 154.378266 1.967950E-2
 158.320175 1.973386E-2 161.698954 1.988334E-2 165.077733 2.012552E-2
 168.456513 2.048419E-2 171.835292 2.095529E-2 175.214071 2.157189E-2
 177.466591 2.206494E-2 179.719110 2.263414E-2 181.971630 2.328783E-2
 184.224149 2.403583E-2 186.476669 2.488981E-2 187.602928 2.535121E-2
 189.855448 2.638965E-2 192.107967 2.757370E-2 194.360487 2.892515E-2
 196.613006 3.047038E-2 199.428656 3.271902E-2 201.118045 3.427028E-2
 202.807435 3.600244E-2 204.496825 3.793142E-2 206.186214 4.009727E-2
 207.875604 4.252398E-2 209.564994 4.526791E-2 211.254383 4.836575E-2
 212.380643 5.066581E-2 213.506903 5.317725E-2 214.633162 5.592591E-2
 215.759422 5.894176E-2 216.885682 6.225969E-2 218.011942 6.592054E-2
 219.138201 6.997233E-2 220.264461 7.447188E-2 221.390721 7.948674E-2
 222.516981 8.507885E-2 223.361676 8.971726E-2 224.360080 9.579512E-2
 225.435340 1.031266E-1 226.152180 1.085382E-1 226.869020 1.144271E-1
 227.585860 1.208507E-1 228.302700 1.278758E-1 229.019540 1.355768E-1
 229.713979 1.437450E-1 230.386017 1.524461E-1 231.058054 1.620164E-1
 231.730092 1.725720E-1 232.357327 1.834359E-1 232.939759 1.945179E-1
 233.522192 2.066709E-1 234.104624 2.200357E-1 234.709458 2.354308E-1
 235.179884 2.485993E-1 235.650310 2.629475E-1 236.120737 2.786211E-1
 236.591163 2.957885E-1 237.061589 3.146462E-1 237.532015 3.354242E-1
 238.002442 3.583929E-1 238.472868 3.838721E-1 238.943294 4.122422E-1
 239.413720 4.439590E-1 239.727338 4.672294E-1 240.040955 4.924194E-1
 240.354573 5.197468E-1 240.668190 5.494608E-1 240.981808 5.818482E-1
 241.295425 6.172334E-1 241.609043 6.559647E-1 241.922660 6.984482E-1
 242.258679 7.488055E-1 242.594698 8.050008E-1 242.930717 8.679121E-1
 243.154729 9.141040E-1 243.378742 9.641351E-1 243.602754 1.018440E+0
 243.860369 1.086818E+0 244.078781 1.150371E+0 244.297193 1.219715E+0
 244.515605 1.295602E+0 244.734017 1.378905E+0 244.879625 1.439046E+0
 245.092437 1.534370E+0 245.305249 1.639607E+0 245.529262 1.762665E+0
 245.719673 1.878619E+0 245.910083 2.006530E+0 246.089293 2.139366E+0
 246.268503 2.285984E+0 246.436512 2.437716E+0 246.604522 2.605235E+0
 246.761331 2.777830E+0 246.895738 2.939936E+0 247.030146 3.116803E+0
 247.186955 3.344297E+0 247.298961 3.522552E+0 247.410967 3.715599E+0
 247.522973 3.925134E+0 247.634980 4.153107E+0 247.746986 4.401761E+0
 247.858992 4.673700E+0 247.970998 4.971951E+0 248.083005 5.300058E+0
 248.195011 5.662179E+0 248.307017 6.063242E+0 248.419023 6.509104E+0
 248.503029 6.877078E+0 248.587033 7.277640E+0 248.671038 7.714826E+0
 248.755042 8.193296E+0 248.839047 8.718518E+0 248.921931 9.288786E+0
 249.004256 9.913583E+0 249.086580 1.060498E+1 249.168905 1.137305E+1
 249.251229 1.222981E+1 249.328514 1.312783E+1 249.395717 1.399399E+1
 249.462921 1.495156E+1 249.530125 1.601431E+1 249.597329 1.719885E+1
 249.664532 1.852534E+1 249.709335 1.950057E+1 249.754137 2.055852E+1
 249.798940 2.170938E+1 249.843742 2.296500E+1 249.888545 2.433940E+1
 249.933347 2.584906E+1 249.978150 2.751378E+1 250.022952 2.935723E+1
 250.063275 3.119283E+1 250.103597 3.322156E+1 250.143919 3.547371E+1
 250.184241 3.798573E+1 250.214484 4.006656E+1 250.244725 4.233992E+1
 250.274967 4.483130E+1 250.305208 4.756973E+1 250.335450 5.058898E+1
 250.361211 5.341111E+1 250.392573 5.719901E+1 250.423935 6.142616E+1
 250.447457 6.492273E+1 250.470977 6.873157E+1 250.494499 7.288622E+1
 250.518020 7.742208E+1 250.541542 8.237865E+1 250.565063 8.779776E+1
 250.588584 9.372511E+1 250.607625 9.892900E+1 250.630027 1.055556E+2
 250.652428 1.127712E+2 250.674829 1.206246E+2 250.697230 1.291659E+2
 250.719632 1.384472E+2 250.742033 1.485199E+2 250.764434 1.594366E+2
 250.785715 1.706363E+2 250.805877 1.820318E+2 250.826038 1.942256E+2
 250.846199 2.072509E+2 250.866360 2.211372E+2 250.896601 2.436358E+2
 250.926843 2.681964E+2 250.954844 2.928084E+2 250.981726 3.181335E+2
 251.008607 3.450960E+2 251.044449 3.835000E+2 251.080291 4.245057E+2
 251.123974 4.775203E+2 251.182218 5.520040E+2 251.286383 6.877192E+2
 251.326705 7.376245E+2 251.367027 7.840731E+2 251.404661 8.231368E+2
 251.442295 8.570083E+2 251.476345 8.824026E+2 251.510395 9.021958E+2
 251.546237 9.164656E+2 251.582079 9.236296E+2 251.599283 9.244803E+2
 251.625089 9.225896E+2 251.660931 9.137211E+2 251.690502 9.010964E+2
 251.718279 8.850813E+2 251.754121 8.588915E+2 251.791755 8.253867E+2
 251.831181 7.846793E+2 251.873296 7.361684E+2 251.918098 6.805175E+2
 252.048025 5.115623E+2 252.095068 4.528198E+2 252.126430 4.155025E+2
 252.157792 3.799876E+2 252.191393 3.441681E+2 252.218275 3.172861E+2
 252.245156 2.920405E+2 252.272038 2.684516E+2 252.298919 2.465182E+2
 252.328041 2.245938E+2 252.350443 2.089951E+2 252.372844 1.944615E+2
 252.395245 1.809521E+2 252.417646 1.684227E+2 252.440048 1.568246E+2
 252.462449 1.461089E+2 252.484850 1.362233E+2 252.509491 1.262458E+2
 252.529653 1.187341E+2 252.549813 1.117700E+2 252.569975 1.053159E+2
 252.590136 9.933763E+1 252.617017 9.204834E+1 252.643899 8.546850E+1
 252.670780 7.952783E+1 252.697662 7.416052E+1 252.720063 7.008260E+1
 252.746944 6.561514E+1 252.773826 6.156501E+1 252.800707 5.788723E+1
 252.827589 5.454097E+1 252.854470 5.149024E+1 252.881352 4.870263E+1
 252.908233 4.614979E+1 252.944075 4.306776E+1 252.979917 4.030654E+1
 253.018000 3.767535E+1 253.058322 3.518151E+1 253.098644 3.294541E+1
 253.138966 3.093098E+1 253.179289 2.910822E+1 253.219611 2.745225E+1
 253.259933 2.594209E+1 253.300255 2.456012E+1 253.347298 2.309004E+1
 253.401061 2.157341E+1 253.454824 2.020768E+1 253.508587 1.897258E+1
 253.562350 1.785129E+1 253.616113 1.682972E+1 253.669876 1.589598E+1
 253.723639 1.503995E+1 253.784122 1.415909E+1 253.851326 1.327019E+1
 253.918530 1.246417E+1 253.985734 1.173081E+1 254.052937 1.106147E+1
 254.120141 1.044875E+1 254.187345 9.886342E+0 254.254549 9.368786E+0
 254.327353 8.853260E+0 254.405757 8.344823E+0 254.484162 7.879429E+0
 254.562566 7.452301E+0 254.640971 7.059301E+0 254.719375 6.696860E+0
 254.836981 6.203785E+0 254.915385 5.904944E+0 255.016191 5.551644E+0
 255.116997 5.229338E+0 255.217803 4.934479E+0 255.318608 4.664022E+0
 255.419414 4.415323E+0 255.520219 4.186102E+0 255.621025 3.974362E+0
 255.721830 3.778368E+0 255.856238 3.538920E+0 255.990645 3.321650E+0
 256.125053 3.123905E+0 256.259460 2.943419E+0 256.393868 2.778226E+0
 256.528275 2.626617E+0 256.662683 2.487104E+0 256.797090 2.358405E+0
 256.953899 2.220459E+0 257.110708 2.094243E+0 257.267517 1.978479E+0
 257.424325 1.872055E+0 257.581134 1.773999E+0 257.737943 1.683456E+0
 257.973156 1.560118E+0 258.152366 1.475029E+0 258.353978 1.387372E+0
 258.555589 1.307307E+0 258.757200 1.233981E+0 258.958811 1.166657E+0
 259.160423 1.104698E+0 259.362034 1.047548E+0 259.664450 9.697945E-1
 259.910864 9.126667E-1 260.157278 8.604426E-1 260.403692 8.125773E-1
 260.650105 7.686046E-1 260.896519 7.281306E-1 261.142933 6.908150E-1
 261.512554 6.400389E-1 261.792569 6.051687E-1 262.106187 5.693493E-1
 262.419804 5.366059E-1 262.733422 5.066079E-1 263.047039 4.790584E-1
 263.360657 4.536981E-1 263.674274 4.303013E-1 264.144700 3.984622E-1
 264.615127 3.700344E-1 265.085553 3.445479E-1 265.555979 3.216107E-1
 266.026405 3.008943E-1 266.496832 2.821211E-1 266.967258 2.650558E-1
 267.437684 2.494976E-1 267.908110 2.352743E-1 268.378537 2.222377E-1
 268.848963 2.102602E-1 269.476198 1.957645E-1 270.103433 1.827302E-1
 270.730668 1.709416E-1 271.357903 1.602631E-1 272.029940 1.499023E-1
 272.746780 1.399281E-1 273.463620 1.309278E-1 274.180460 1.227945E-1
 274.897300 1.153860E-1 275.614140 1.086321E-1 276.330980 1.024606E-1
 277.047820 9.680657E-2 277.756643 9.166946E-2 278.457449 8.698753E-2
 279.508658 8.061680E-2 280.535815 7.505431E-2 281.514868 7.028197E-2
 282.493922 6.595888E-2 283.472976 6.203012E-2 284.452030 5.844942E-2
 285.431083 5.517663E-2 286.654900 5.146717E-2 287.878717 4.815312E-2
 289.020947 4.532485E-2 289.673649 4.389201E-2 289.836825 4.360861E-2
 290.000000 4.338707E-2 290.000000 1.579561E+1 298.182785 1.548007E+1
 300.000000 1.541000E+1 308.464950 1.510054E+1 317.168751 1.478235E+1
 322.370980 1.459217E+1 331.467161 1.429445E+1 340.237323 1.400740E+1
 349.837629 1.371820E+1 354.283937 1.358426E+1 364.280590 1.330875E+1
 374.559313 1.302547E+1 376.448635 1.297340E+1 387.070698 1.271027E+1
 397.992478 1.243973E+1 400.000000 1.239000E+1 411.286600 1.213323E+1
 422.891668 1.186921E+1 422.948506 1.186792E+1 434.882633 1.161890E+1
 441.019835 1.149085E+1 453.463871 1.125418E+1 466.259034 1.101083E+1
 469.584835 1.094758E+1 482.834875 1.072210E+1 496.458786 1.049026E+1
 500.000000 1.043000E+1 514.108250 1.021406E+1 523.317570 1.007309E+1
 538.083760 9.868699E+0 553.266601 9.658535E+0 560.348590 9.560505E+0
 576.159666 9.366510E+0 592.416875 9.167042E+0 600.000000 9.074000E+0
 616.929900 8.891847E+0 634.337503 8.704553E+0 648.074070 8.556758E+0
 666.360452 8.384988E+0 685.162812 8.208371E+0 700.000000 8.069000E+0
 719.751550 7.905569E+0 740.060420 7.737527E+0 748.331477 7.669090E+0
 769.446772 7.513759E+0 791.157867 7.354046E+0 800.000000 7.289000E+0
 822.573200 7.140138E+0 845.783337 6.987076E+0 848.528137 6.968975E+0
 872.470631 6.826648E+0 897.088699 6.680306E+0 900.000000 6.663000E+0
 925.394850 6.526793E+0 948.683298 6.401884E+0 975.451820 6.271014E+0
 1000.00000 6.151000E+0 1028.21650 6.028424E+0 1044.27378 5.958669E+0
 1073.73953 5.839645E+0 1087.55906 5.783823E+0 1118.24617 5.671805E+0
 1149.79916 5.556627E+0 1173.61323 5.469698E+0 1206.72849 5.362884E+0
 1240.77814 5.253055E+0 1254.47821 5.208865E+0 1289.87519 5.106406E+0
 1326.27096 5.001055E+0 1329.79281 4.990861E+0 1367.31491 4.892066E+0
 1399.39311 4.807605E+0 1438.87909 4.711909E+0 1463.27521 4.652784E+0
 1504.56371 4.562825E+0 1547.01724 4.470328E+0 1582.16587 4.393747E+0
 1626.80905 4.307343E+0 1672.71191 4.218500E+0 1677.63125 4.208979E+0
 1724.96813 4.125148E+0 1752.99178 4.075520E+0 1802.45507 3.995881E+0
 1853.31405 3.913996E+0 1872.42718 3.883223E+0 1925.26052 3.807343E+0
 1979.58464 3.729321E+0 2000.00000 3.700000E+0 2056.43300 3.631070E+0
 2103.97901 3.572996E+0 2163.34593 3.506074E+0 2199.38563 3.465448E+0
 2261.44459 3.402344E+0 2325.25465 3.337460E+0 2376.87505 3.284970E+0
 2443.94214 3.224161E+0 2512.90164 3.161636E+0 2519.33011 3.155808E+0
 2590.41679 3.096665E+0 2631.74691 3.062279E+0 2706.00560 3.005941E+0
 2782.35960 2.948013E+0 2809.84710 2.927159E+0 2889.13115 2.873306E+0
 2970.65232 2.817934E+0 3000.00000 2.798000E+0 3084.64950 2.749993E+0
 3171.68751 2.700632E+0 3223.70980 2.671129E+0 3314.67161 2.624613E+0
 3402.37323 2.579765E+0 3498.37629 2.535830E+0 3597.08823 2.490656E+0
 3689.10462 2.448545E+0 3793.19824 2.406845E+0 3900.22902 2.363968E+0
 4000.00000 2.324000E+0 4112.86600 2.286405E+0 4228.91668 2.247750E+0
 4229.48506 2.247561E+0 4348.82633 2.212008E+0 4471.53498 2.175453E+0
 4597.70605 2.137866E+0 4598.63298 2.137590E+0 4728.39031 2.103777E+0
 4861.80893 2.069010E+0 4998.99216 2.033263E+0 5000.00000 2.033000E+0
 5141.08250 2.003294E+0 5286.14585 1.972750E+0 5435.30239 1.941344E+0
 5477.22558 1.932517E+0 5631.77372 1.904279E+0 5790.68266 1.875245E+0
 5954.07546 1.845391E+0 6000.00000 1.837000E+0 6169.29900 1.811677E+0
 6343.37503 1.785639E+0 6480.74070 1.765093E+0 6663.60452 1.740761E+0
 6851.62812 1.715742E+0 7000.00000 1.696000E+0 7197.51550 1.673780E+0
 7400.60420 1.650933E+0 7483.31477 1.641628E+0 7694.46772 1.620121E+0
 7911.57867 1.598006E+0 8000.00000 1.589000E+0 8225.73200 1.568959E+0
 8457.83337 1.548353E+0 8485.28137 1.545916E+0 8724.70631 1.526418E+0
 8970.88699 1.506371E+0 9000.00000 1.504000E+0 9253.94850 1.486478E+0
 9515.06254 1.468461E+0 9783.54430 1.449935E+0 10000.0000 1.435000E+0
 10282.1650 1.419336E+0 10572.2917 1.403230E+0 10870.6048 1.386669E+0
 10905.0773 1.384755E+0 11212.7804 1.369523E+0 11529.1658 1.353861E+0
 11763.9699 1.342237E+0 12095.9080 1.327372E+0 12437.2121 1.312088E+0
 12570.8144 1.306105E+0 12925.5188 1.292144E+0 13290.2317 1.277789E+0
 13665.2355 1.263029E+0 14050.8206 1.247853E+0 14118.2237 1.245200E+0
 14516.5906 1.231611E+0 14926.1979 1.217640E+0 15347.3630 1.203274E+0
 15402.5470 1.201392E+0 15837.1530 1.188077E+0 16284.0220 1.174387E+0
 16441.8963 1.169550E+0 16905.8291 1.156886E+0 17382.8524 1.143864E+0
 17873.3356 1.130475E+0 18133.8889 1.123363E+0 18645.5638 1.111199E+0
 19171.6763 1.098692E+0 19712.6339 1.085832E+0 20000.0000 1.079000E+0
 20564.3300 1.067491E+0 21144.5834 1.055658E+0 21741.2096 1.043491E+0
 22133.6384 1.035488E+0 22758.1722 1.024243E+0 23400.3282 1.012681E+0
 23881.9575 1.004009E+0 24555.8228 9.933968E-1 25248.7021 9.824846E-1
 25961.1321 9.712645E-1 26693.6644 9.597278E-1 26766.7466 9.585768E-1
 27522.0105 9.484443E-1 28298.5853 9.380259E-1 29097.0723 9.273135E-1
 29918.0899 9.162989E-1 30000.0000 9.152000E-1 30846.4950 9.048089E-1
 31716.8751 8.941245E-1 32237.0980 8.877385E-1 33146.7161 8.779161E-1
 34082.0004 8.678165E-1 35043.6752 8.574319E-1 35909.3848 8.480836E-1
 36922.6220 8.386999E-1 37964.4491 8.290514E-1 39035.6730 8.191307E-1
 40000.0000 8.102000E-1 41128.6600 8.009927E-1 42289.1668 7.915256E-1
 43482.4191 7.817914E-1 44709.3408 7.717826E-1 44721.3596 7.716845E-1
 45983.2398 7.629149E-1 47280.7259 7.538979E-1 48614.8225 7.446265E-1
 49986.5627 7.350934E-1 50000.0000 7.350000E-1 51410.8250 7.264045E-1
 52861.4585 7.175665E-1 54353.0239 7.084791E-1 54772.2558 7.059249E-1
 56317.7372 6.976695E-1 57906.8266 6.891811E-1 59540.7546 6.804531E-1
 60000.0000 6.780000E-1 61692.9900 6.700132E-1 63433.7503 6.618010E-1
 64807.4070 6.553207E-1 66636.0452 6.476010E-1 68516.2812 6.396636E-1
 70000.0000 6.334000E-1 71975.1550 6.260626E-1 74006.0420 6.185181E-1
 74833.1477 6.154455E-1 76944.6772 6.083161E-1 79115.7867 6.009855E-1
 80000.0000 5.980000E-1 82257.3200 5.912668E-1 84578.3337 5.843435E-1
 84852.8137 5.835248E-1 87247.0631 5.769546E-1 89708.8699 5.701989E-1
 90000.0000 5.694000E-1 92539.4850 5.634576E-1 95150.6254 5.573475E-1
 97835.4430 5.510651E-1 100000.000 5.460000E-1 102821.650 5.407102E-1
 105722.917 5.352712E-1 108706.048 5.296787E-1 109544.512 5.281068E-1
 112635.475 5.229904E-1 115813.654 5.177296E-1 119081.510 5.123204E-1
 120000.000 5.108000E-1 123385.980 5.064510E-1 126867.501 5.019794E-1
 129614.814 4.984507E-1 133272.090 4.942069E-1 137032.562 4.898433E-1
 140000.000 4.864000E-1 143950.310 4.830620E-1 148012.084 4.796298E-1
 152188.467 4.761007E-1 156482.693 4.724721E-1 160000.000 4.695000E-1
 164514.640 4.668364E-1 169156.667 4.640976E-1 173929.676 4.612815E-1
 178837.363 4.583860E-1 180000.000 4.577000E-1 185078.970 4.556684E-1
 190301.251 4.535795E-1 195670.886 4.514316E-1 200000.000 4.497000E-1
 205643.300 4.486503E-1 211445.834 4.475711E-1 217412.096 4.464613E-1
 223546.704 4.453203E-1 229854.410 4.441471E-1 236340.096 4.429407E-1
 243008.787 4.417004E-1 249865.644 4.404250E-1 250000.000 4.404000E-1
 300000.000 4.402000E-1 300000.000 4.401971E-1 350000.000 4.449894E-1
 361881.208 4.200556E-1 371056.054 4.022687E-1 385256.306 3.769906E-1
 400000.000 3.533051E-1 430249.693 3.349994E-1 450000.000 3.240015E-1
 500000.000 3.097009E-1 550000.000 3.031005E-1 600000.000 3.007004E-1
 659170.363 3.017585E-1 700000.000 3.038003E-1 760581.188 3.095063E-1
 811286.600 3.156253E-1 850000.000 3.211954E-1 886982.463 3.041447E-1
 900000.000 2.984020E-1 950000.000 2.891008E-1 1000000.00 2.848009E-1
 1200000.00 2.903996E-1 1400000.00 2.867006E-1 1622573.20 2.961788E-1
 1800000.00 3.022994E-1 2000000.00 2.980998E-1 2200000.00 2.901999E-1
 2433859.80 2.778684E-1 2636681.45 2.654240E-1 2839503.10 2.515360E-1
 3000000.00 2.398998E-1 3122499.00 2.292120E-1 3250000.00 2.190002E-1
 3420267.06 2.080549E-1 3500000.00 2.031997E-1 3622844.19 1.933094E-1
 3750000.00 1.839001E-1 3872983.35 1.756134E-1 4000000.00 1.676998E-1
 4123105.63 1.584447E-1 4250000.00 1.497001E-1 4373213.92 1.417384E-1
 4500000.00 1.341999E-1 4623310.50 1.259463E-1 4750000.00 1.182001E-1
 4873397.17 1.111924E-1 5000000.00 1.045999E-1 5120568.45 9.775438E-2
 5212898.93 9.291576E-2 5354525.57 8.610318E-2 5500000.00 7.978995E-2
 5620951.39 7.425536E-2 5748576.57 6.896352E-2 5890880.67 6.359271E-2
 6060636.70 5.768021E-2 6121273.40 5.551048E-2 6249003.40 5.137605E-2
 6337673.84 4.874133E-2 6391175.23 4.719413E-2 6621547.94 4.097321E-2
 6714198.18 3.864962E-2 6784535.62 3.699382E-2 6891425.78 3.464219E-2
 7121784.79 2.995982E-2 7214511.83 2.822490E-2 7284848.57 2.698997E-2
 7391641.51 2.523815E-2 7621991.22 2.180236E-2 7714785.04 2.054455E-2
 7785121.04 1.964905E-2 7891829.21 1.837845E-2 8000000.00 1.719002E-2
 8122172.74 1.594333E-2 8250192.79 1.475561E-2 8338677.21 1.399873E-2
 8391994.01 1.355426E-2 8500000.00 1.272002E-2 8622333.60 1.185804E-2
 8715237.84 1.125011E-2 8856474.50 1.039615E-2 9000000.00 9.607014E-3
 9122477.13 9.005606E-3 9215427.54 8.579392E-3 9356631.96 7.977595E-3
 9500000.00 7.418011E-3 9622606.00 6.993125E-3 9715597.80 6.690513E-3
 9856773.20 6.260972E-3 10000000.0 5.859010E-3 10172873.6 5.445159E-3
 10225896.9 5.323374E-3 10414159.6 4.922476E-3 10557627.7 4.641741E-3
 10666524.3 4.441748E-3 10831978.9 4.157801E-3 11000000.0 3.892008E-3
 11120293.6 3.739201E-3 11333981.6 3.486091E-3 11496938.0 3.307568E-3
 11745776.1 3.056778E-3 12000000.0 2.825006E-3 12242546.8 2.653809E-3
 12427668.7 2.532258E-3 12710613.4 2.360291E-3 13000000.0 2.200003E-3
 13243095.9 2.093516E-3 13616289.6 1.943375E-3 14000000.0 1.804001E-3
 14243569.6 1.723237E-3 14616892.4 1.608821E-3 15243982.5 1.432873E-3
 15617417.2 1.335102E-3 16122172.8 1.213592E-3 16244345.5 1.183185E-3
 16617878.1 1.097490E-3 17244667.2 9.663520E-4 17618286.2 8.937490E-4
 18244954.3 7.836410E-4 18430855.1 7.528930E-4 18713263.9 7.090180E-4
 19245212.0 6.326040E-4 19431195.6 6.074970E-4 19713546.4 5.716940E-4
 20000000.0 5.380040E-4                                            
