 1.000000E-5 2.145056E+2 1.102400E-5 2.043003E+2 1.215040E-5 1.946000E+2
 1.339460E-5 1.853420E+2 1.476330E-5 1.765415E+2 1.627500E-5 1.681428E+2
 1.793810E-5 1.601588E+2 1.977490E-5 1.525393E+2 2.179560E-5 1.452965E+2
 2.402740E-5 1.383839E+2 2.648260E-5 1.318133E+2 2.919430E-5 1.255423E+2
 3.217750E-5 1.195813E+2 3.547230E-5 1.138924E+2 3.909700E-5 1.084845E+2
 4.310050E-5 1.033233E+2 4.750460E-5 9.841738E+1 5.236900E-5 9.373521E+1
 5.772020E-5 8.928451E+1 6.363060E-5 8.503686E+1 7.013260E-5 8.099915E+1
 7.731390E-5 7.714572E+1 8.521420E-5 7.348267E+1 9.393980E-5 6.998682E+1
 1.035390E-4 6.666371E+1 1.141410E-4 6.349226E+1 1.258040E-4 6.047754E+1
 1.386860E-4 5.760047E+1 1.528580E-4 5.486544E+1 1.685100E-4 5.225530E+1
 1.857290E-4 4.977415E+1 2.047470E-4 4.740623E+1 2.256690E-4 4.515533E+1
 2.487770E-4 4.300712E+1 2.741980E-4 4.096513E+1 3.022750E-4 3.901628E+1
 3.331620E-4 3.716379E+1 3.672770E-4 3.539582E+1 4.048070E-4 3.371523E+1
 4.462580E-4 3.211131E+1 4.918580E-4 3.058669E+1 5.422230E-4 2.913163E+1
 5.976290E-4 2.774850E+1 6.588240E-4 2.642848E+1 7.261450E-4 2.517370E+1
 8.005010E-4 2.397618E+1 8.822990E-4 2.283786E+1 9.726430E-4 2.175149E+1
 1.072032E-3 2.071880E+1 1.181804E-3 1.973326E+1 1.302565E-3 1.879642E+1
 1.435944E-3 1.790234E+1 1.582674E-3 1.705246E+1 1.744735E-3 1.624137E+1
 1.923019E-3 1.547036E+1 2.119930E-3 1.473455E+1 2.336552E-3 1.403511E+1
 2.575808E-3 1.336761E+1 2.839014E-3 1.273310E+1 3.129720E-3 1.212756E+1
 3.449526E-3 1.155195E+1 3.802747E-3 1.100263E+1 4.191326E-3 1.048048E+1
 4.620505E-3 9.982189E+0 5.092645E-3 9.508563E+0 5.614117E-3 9.056620E+0
 6.187788E-3 8.627108E+0 6.821398E-3 8.217307E+0 7.518434E-3 7.827860E+0
 8.288299E-3 7.456211E+0 9.135227E-3 7.102873E+0 1.007065E-2 6.765525E+0
 1.109970E-2 6.444711E+0 1.223628E-2 6.138503E+0 1.348663E-2 5.847636E+0
 1.486762E-2 5.570113E+0 1.638684E-2 5.306386E+0 1.806481E-2 5.054602E+0
 1.991073E-2 4.815092E+0 2.194953E-2 4.586432E+0 2.419242E-2 4.369116E+0
 2.508752E-2 4.290660E+0 2.530000E-2 4.272652E+0 2.789064E-2 4.069957E+0
 3.074061E-2 3.877394E+0 3.388836E-2 3.693871E+0 3.735119E-2 3.519615E+0
 4.117584E-2 3.353149E+0 4.538334E-2 3.194670E+0 5.003046E-2 3.043406E+0
 5.514275E-2 2.899703E+0 6.078921E-2 2.762715E+0 6.700087E-2 2.632895E+0
 7.386156E-2 2.509155E+0 8.140900E-2 2.391145E+0 8.974504E-2 2.278453E+0
 9.891551E-2 2.171430E+0 0.10904416 2.069396E+0 0.12018669 1.972509E+0
 0.13249345 1.880240E+0 0.14603211 1.793044E+0 0.16098536 1.709484E+0
 0.17743543 1.629993E+0 0.19560428 1.554261E+0 0.21559184 1.482408E+0
 0.23766780 1.413982E+0 0.26195356 1.349359E+0 0.28877682 1.287596E+0
 0.31828508 1.228940E+0 0.35087652 1.173138E+0 0.38673036 1.120288E+0
 0.42633038 1.070073E+0 0.46989437 1.023041E+0 0.51801015 9.777942E-1
 0.57094231 9.350459E-1 0.62940509 8.945372E-1 0.69371999 8.563943E-1
 0.76475483 8.203354E-1 0.84290026 7.864537E-1 0.92921072 7.547533E-1
 1.02416085 7.249321E-1 1.12903185 6.970297E-1 1.24440043 6.711554E-1
 1.37182330 6.471195E-1 1.51200120 6.252120E-1 1.66682558 6.052984E-1
 1.81194021 5.902664E-1 1.99709085 5.744810E-1 2.20158696 5.612233E-1
 2.39325818 5.520285E-1 2.60161638 5.451447E-1 2.82811434 5.408536E-1
 2.99245000 5.395944E-1 3.29886790 5.415339E-1 3.53617961 5.466145E-1
 3.79129666 5.554890E-1 4.06403238 5.691314E-1 4.29661358 5.844658E-1
 4.54250522 6.049432E-1 4.73657392 6.243768E-1 4.93797789 6.481311E-1
 5.14894231 6.774080E-1 5.36788060 7.134160E-1 5.51934341 7.420177E-1
 5.67507996 7.750521E-1 5.83521085 8.137764E-1 5.99986008 8.591715E-1
 6.12683137 8.986382E-1 6.25619112 9.434419E-1 6.38797301 9.945434E-1
 6.52221077 1.053141E+0 6.66023624 1.121416E+0 6.75355141 1.172900E+0
 6.84816479 1.230110E+0 6.94411300 1.293941E+0 7.04139604 1.365444E+0
 7.14005156 1.445924E+0 7.24007958 1.536947E+0 7.34151883 1.640480E+0
 7.41865668 1.727900E+0 7.49579452 1.823666E+0 7.57510894 1.932055E+0
 7.65442334 2.052577E+0 7.73448373 2.188112E+0 7.81603612 2.342630E+0
 7.89758850 2.516505E+0 7.95272379 2.646700E+0 8.00862613 2.790566E+0
 8.06452847 2.947852E+0 8.12043081 3.120287E+0 8.17712183 3.312696E+0
 8.23460153 3.528340E+0 8.29208124 3.767719E+0 8.34956094 4.034465E+0
 8.39307619 4.257240E+0 8.43740238 4.505148E+0 8.48172857 4.776943E+0
 8.52605475 5.075779E+0 8.57038094 5.405261E+0 8.61470712 5.769569E+0
 8.66028404 6.185955E+0 8.70586095 6.651866E+0 8.73624556 6.994167E+0
 8.76663017 7.365113E+0 8.79701478 7.767922E+0 8.82739939 8.206304E+0
 8.85778400 8.684569E+0 8.89465654 9.325795E+0 8.93152907 1.004382E+1
 8.95611075 1.057141E+1 8.98069244 1.114329E+1 9.00527413 1.176459E+1
 9.02985582 1.244122E+1 9.05443750 1.318001E+1 9.08539610 1.421125E+1
 9.10603516 1.496966E+1 9.12667422 1.579232E+1 9.14731329 1.668674E+1
 9.16795235 1.766160E+1 9.18859141 1.872698E+1 9.20923047 1.989466E+1
 9.22780563 2.104438E+1 9.24431688 2.215466E+1 9.26082813 2.335784E+1
 9.27733938 2.466468E+1 9.29385063 2.608753E+1 9.31036188 2.764070E+1
 9.32687313 2.934082E+1 9.34338438 3.120736E+1 9.35812657 3.303313E+1
 9.37109969 3.477973E+1 9.38407282 3.667299E+1 9.39704594 3.873021E+1
 9.41001907 4.097136E+1 9.42299219 4.341958E+1 9.43596532 4.610186E+1
 9.44893844 4.904980E+1 9.46073219 5.199150E+1 9.47134657 5.488013E+1
 9.48196094 5.802606E+1 9.49257532 6.146184E+1 9.50318969 6.522549E+1
 9.51380407 6.936178E+1 9.52441844 7.392369E+1 9.53503282 7.897443E+1
 9.54446782 8.393538E+1 9.55272344 8.869189E+1 9.56097907 9.388879E+1
 9.56923469 9.958498E+1 9.57749032 1.058497E+2 9.58574594 1.127649E+2
 9.59400157 1.204273E+2 9.60225719 1.289519E+2 9.60992313 1.377588E+2
 9.61699938 1.467639E+2 9.62407563 1.567309E+2 9.63115188 1.677968E+2
 9.63822813 1.801193E+2 9.64353532 1.902937E+2 9.64884250 2.013619E+2
 9.65414969 2.134180E+2 9.65945688 2.265651E+2 9.66550118 2.430106E+2
 9.67051352 2.579611E+2 9.67552587 2.742200E+2 9.68053821 2.919052E+2
 9.68555056 3.111411E+2 9.69056290 3.320575E+2 9.69557524 3.547889E+2
 9.70058758 3.794727E+2 9.70574735 4.070681E+2 9.71105454 4.379218E+2
 9.71636173 4.714373E+2 9.72166891 5.077648E+2 9.72712352 5.481754E+2
 9.73272556 5.930551E+2 9.73832759 6.414646E+2 9.74392962 6.934759E+2
 9.74967907 7.506280E+2 9.75557595 8.131821E+2 9.76147282 8.796150E+2
 9.77031813 9.860901E+2 9.77916345 1.099789E+3 9.79095720 1.259857E+3
 9.81336532 1.572050E+3 9.82103125 1.674387E+3 9.83070213 1.794812E+3
 9.83795529 1.876234E+3 9.84461875 1.942541E+3 9.85098738 1.997050E+3
 9.85735600 2.041856E+3 9.86443225 2.079217E+3 9.87150850 2.102637E+3
 9.87797148 2.111359E+3 9.87971695 2.111609E+3 9.88728854 2.102331E+3
 9.89368075 2.081572E+3 9.90099288 2.043888E+3 9.90712563 2.001500E+3
 9.91502744 1.933696E+3 9.92228060 1.859952E+3 9.92953375 1.776974E+3
 9.94014813 1.642792E+3 9.95665938 1.416754E+3 9.97435000 1.172044E+3
 9.98496438 1.032487E+3 9.99204063 9.445435E+2 9.99911688 8.614693E+2
 10.0067829 7.774896E+2 10.0129746 7.144584E+2 10.0191663 6.557970E+2
 10.0253580 6.014941E+2 10.0315497 5.514691E+2 10.0380363 5.035000E+2
 10.0427538 4.713499E+2 10.0474713 4.413992E+2 10.0521888 4.135459E+2
 10.0569063 3.876821E+2 10.0616238 3.636966E+2 10.0663413 3.414767E+2
 10.0710588 3.209099E+2 10.0763660 2.996101E+2 10.0822629 2.780461E+2
 10.0881598 2.585003E+2 10.0940566 2.407823E+2 10.0999535 2.247133E+2
 10.1058504 2.101288E+2 10.1117473 1.968775E+2 10.1176441 1.848219E+2
 10.1244255 1.722744E+2 10.1301750 1.626190E+2 10.1359244 1.537678E+2
 10.1416739 1.456382E+2 10.1474234 1.381567E+2 10.1550893 1.290779E+2
 10.1627553 1.209003E+2 10.1704212 1.135085E+2 10.1780871 1.068036E+2
 10.1866375 1.000328E+2 10.1960725 9.331359E+1 10.2055075 8.727625E+1
 10.2149425 8.182849E+1 10.2243775 7.689336E+1 10.2338125 7.240630E+1
 10.2432475 6.831285E+1 10.2526825 6.456682E+1 10.2632969 6.071895E+1
 10.2750907 5.684309E+1 10.2868844 5.333490E+1 10.2986782 5.014817E+1
 10.3104719 4.724401E+1 10.3222657 4.458929E+1 10.3340594 4.215576E+1
 10.3458532 3.991905E+1 10.3588263 3.766103E+1 10.3729788 3.541218E+1
 10.3871313 3.336112E+1 10.4012838 3.148497E+1 10.4154363 2.976411E+1
 10.4295888 2.818163E+1 10.4437413 2.672289E+1 10.4578938 2.537519E+1
 10.4741102 2.395324E+1 10.4923906 2.248969E+1 10.5106709 2.115688E+1
 10.5289512 1.993960E+1 10.5472315 1.882482E+1 10.5655118 1.780126E+1
 10.5837921 1.685916E+1 10.6020724 1.599002E+1 10.6215321 1.513670E+1
 10.6421712 1.430423E+1 10.6628103 1.353859E+1 10.6834493 1.283281E+1
 10.7040884 1.218083E+1 10.7350469 1.129224E+1 10.7660055 1.049747E+1
 10.7895930 9.946948E+0 10.8161290 9.377841E+0 10.8426649 8.856223E+0
 10.8692009 8.376949E+0 10.8957368 7.935560E+0 10.9222728 7.528163E+0
 10.9620766 6.973484E+0 10.9886125 6.637086E+0 11.0210454 6.258002E+0
 11.0534782 5.910531E+0 11.0859110 5.591283E+0 11.1183438 5.297331E+0
 11.1507766 5.026116E+0 11.1994258 4.657012E+0 11.2480750 4.327254E+0
 11.2877477 4.083535E+0 11.3274204 3.859767E+0 11.3670931 3.653882E+0
 11.4067657 3.464080E+0 11.4464384 3.288755E+0 11.5059474 3.049845E+0
 11.5654563 2.836218E+0 11.6266445 2.639315E+0 11.6878326 2.462402E+0
 11.7490208 2.302869E+0 11.8102089 2.158523E+0 11.8713970 2.027502E+0
 11.9337361 1.906081E+0 11.9966508 1.794440E+0 12.0595654 1.692492E+0
 12.1224801 1.599151E+0 12.1853947 1.513479E+0 12.2704643 1.408411E+0
 12.3567175 1.313008E+0 12.4429707 1.227414E+0 12.5292239 1.150124E+0
 12.6166939 1.079048E+0 12.7053809 1.013699E+0 12.7940678 9.543299E-1
 12.8827547 9.002381E-1 12.9726928 8.501518E-1 13.0638822 8.037177E-1
 13.1550716 7.611771E-1 13.2462610 7.221080E-1 13.3387369 6.856570E-1
 13.4324993 6.516175E-1 13.5731429 6.054191E-1 13.7151093 5.639301E-1
 13.8597214 5.262233E-1 14.0043335 4.924750E-1 14.1516659 4.616091E-1
 14.3003584 4.335799E-1 14.4490510 4.082816E-1 14.6019391 3.847934E-1
 14.7548272 3.635016E-1 14.9091533 3.439331E-1 15.0663554 3.257858E-1
 15.2235575 3.092308E-1 15.3837167 2.938132E-1 15.5992337 2.750892E-1
 15.8177913 2.581951E-1 16.0393895 2.428317E-1 16.2641140 2.288504E-1
 16.4919649 2.161017E-1 16.7230304 2.044458E-1 16.9573104 1.937639E-1
 17.1948958 1.839583E-1 17.4357864 1.749612E-1 17.6800756 1.666217E-1
 17.9277633 1.589094E-1 18.1789454 1.517629E-1 18.5609603 1.420197E-1
 18.9537543 1.332178E-1 19.3539372 1.253032E-1 19.7616131 1.181576E-1
 20.1768864 1.116852E-1 20.6038772 1.057463E-1 21.0389002 1.003300E-1
 21.4820686 9.537860E-2 22.0882174 8.940271E-2 22.5523822 8.532715E-2
 23.1887315 8.030992E-2 23.8430364 7.577212E-2 24.5158034 7.165298E-2
 25.2075536 6.788009E-2 25.9188225 6.440441E-2 26.6501610 6.121206E-2
 27.4021352 5.826269E-2 28.1753276 5.551571E-2 28.9703367 5.297001E-2
 29.7877782 5.062307E-2 30.6282850 4.837694E-2 31.4596141 4.634463E-2
 32.8036580 4.343028E-2 33.7292624 4.161305E-2 34.6809842 3.990222E-2
 36.1556551 3.751478E-2 37.7003272 3.528585E-2 39.3033837 3.322093E-2
 40.9825357 3.129434E-2 42.7251551 2.949985E-2 44.5504949 2.780914E-2
 45.8075539 2.674958E-2 47.7553380 2.523919E-2 49.7955814 2.381559E-2
 51.9129405 2.247986E-2 54.1308085 2.121380E-2 56.7563327 1.986658E-2
 58.8063719 1.891628E-2 61.3187468 1.785848E-2 63.9260827 1.686621E-2
 66.2918444 1.604436E-2 69.1106415 1.515182E-2 72.0632440 1.430525E-2
 75.1274469 1.351862E-2 78.3371045 1.276915E-2 81.6680783 1.207368E-2
 85.1571702 1.141347E-2 88.7781403 1.080753E-2 91.0210000 1.045265E-2
 94.9096752 9.899830E-3 98.9453317 9.388594E-3 104.230000 8.799425E-3
 108.683001 8.367067E-3 113.858442 7.927504E-3 117.990538 7.617998E-3
 123.500000 7.260381E-3 128.225000 6.998865E-3 132.950000 6.771394E-3
 137.675000 6.581331E-3 142.400000 6.421176E-3 147.125000 6.295207E-3
 151.850000 6.197739E-3 156.575000 6.134296E-3 162.087500 6.098636E-3
 162.875000 6.097576E-3 167.470762 6.111715E-3 170.750000 6.143929E-3
 173.900000 6.194733E-3 177.050000 6.266814E-3 180.200000 6.362797E-3
 183.350000 6.486029E-3 186.500000 6.640641E-3 189.020000 6.790626E-3
 191.540000 6.968054E-3 194.475800 7.214628E-3 196.580000 7.422577E-3
 199.100000 7.711983E-3 201.500300 8.038754E-3 203.172950 8.298771E-3
 204.918050 8.602967E-3 206.637950 8.943314E-3 208.332650 9.322908E-3
 209.784800 9.686366E-3 211.599200 1.020260E-2 213.186800 1.072336E-2
 214.472000 1.119756E-2 215.984000 1.182728E-2 216.740000 1.217620E-2
 218.138600 1.288661E-2 219.537200 1.370252E-2 220.727900 1.448963E-2
 221.620925 1.514858E-2 222.513950 1.588024E-2 223.406975 1.667302E-2
 224.300000 1.755900E-2 225.245000 1.861136E-2 226.190000 1.978800E-2
 227.135000 2.111049E-2 227.765000 2.209404E-2 228.710000 2.372681E-2
 229.340000 2.495137E-2 230.171600 2.675293E-2 230.726000 2.808772E-2
 231.280400 2.954626E-2 231.860000 3.121963E-2 232.464800 3.314983E-2
 233.069600 3.529591E-2 233.674400 3.768678E-2 234.128000 3.966773E-2
 234.581600 4.183937E-2 235.035200 4.422060E-2 235.488800 4.682988E-2
 235.942400 4.969557E-2 236.396000 5.285791E-2 236.821250 5.614353E-2
 237.246500 5.978029E-2 237.671750 6.381589E-2 238.097000 6.831079E-2
 238.522250 7.333769E-2 238.947500 7.898429E-2 239.231000 8.314468E-2
 239.514500 8.766463E-2 239.798000 9.258695E-2 240.081500 9.796100E-2
 240.365000 1.038440E-1 240.648500 1.103026E-1 240.932000 1.174144E-1
 241.250938 1.263087E-1 241.463563 1.328342E-1 241.676188 1.398981E-1
 241.888813 1.475646E-1 242.101438 1.559076E-1 242.314063 1.650093E-1
 242.526688 1.749624E-1 242.715688 1.846105E-1 242.963750 1.985699E-1
 243.211813 2.142206E-1 243.377188 2.257367E-1 243.542563 2.382370E-1
 243.707938 2.518380E-1 243.873313 2.666720E-1 244.026875 2.816836E-1
 244.168625 2.967231E-1 244.310375 3.130292E-1 244.452125 3.307490E-1
 244.593875 3.500516E-1 244.735625 3.711326E-1 244.877375 3.942187E-1
 245.019125 4.195742E-1 245.145125 4.442665E-1 245.255375 4.677411E-1
 245.365625 4.931626E-1 245.475875 5.207528E-1 245.586125 5.507658E-1
 245.696375 5.834943E-1 245.806625 6.192778E-1 245.916875 6.585134E-1
 246.015313 6.968417E-1 246.101938 7.334618E-1 246.188563 7.731069E-1
 246.275188 8.161267E-1 246.361813 8.629225E-1 246.448438 9.139563E-1
 246.535063 9.697632E-1 246.621688 1.030965E+0 246.700438 1.091897E+0
 246.771313 1.151588E+0 246.842188 1.216434E+0 246.913063 1.287057E+0
 246.983938 1.364180E+0 247.054813 1.448644E+0 247.125688 1.541435E+0
 247.196563 1.643714E+0 247.259563 1.743704E+0 247.314688 1.839131E+0
 247.369813 1.942900E+0 247.424938 2.056049E+0 247.480063 2.179798E+0
 247.535188 2.315579E+0 247.590313 2.465094E+0 247.645438 2.630386E+0
 247.694657 2.793304E+0 247.737969 2.950384E+0 247.781282 3.122123E+0
 247.824594 3.310615E+0 247.867907 3.518433E+0 247.911219 3.748737E+0
 247.954532 4.005525E+0 247.987016 4.218502E+0 248.019500 4.451893E+0
 248.054938 4.733684E+0 248.090375 5.049034E+0 248.116954 5.311593E+0
 248.143532 5.600306E+0 248.170110 5.919402E+0 248.196688 6.273958E+0
 248.223266 6.670072E+0 248.249844 7.115071E+0 248.276423 7.617758E+0
 248.294141 7.990000E+0 248.315305 8.479338E+0 248.333763 8.950967E+0
 248.352219 9.469792E+0 248.370677 1.004179E+1 248.389134 1.067344E+1
 248.407591 1.137209E+1 248.426048 1.214586E+1 248.444505 1.300377E+1
 248.462962 1.395578E+1 248.481419 1.501282E+1 248.499875 1.618682E+1
 248.517594 1.743614E+1 248.535313 1.881788E+1 248.553032 2.034553E+1
 248.570750 2.203346E+1 248.585516 2.357378E+1 248.600282 2.524561E+1
 248.617607 2.738819E+1 248.632569 2.940798E+1 248.649894 3.195838E+1
 248.665841 3.452141E+1 248.684150 3.773794E+1 248.699900 4.075539E+1
 248.715650 4.401971E+1 248.731400 4.754536E+1 248.747150 5.134680E+1
 248.762900 5.543826E+1 248.778650 5.983368E+1 248.793613 6.430325E+1
 248.808575 6.906989E+1 248.823538 7.414448E+1 248.838500 7.953576E+1
 248.854250 8.556268E+1 248.870000 9.195853E+1 248.893625 1.022582E+2
 248.917250 1.134172E+2 248.940875 1.254388E+2 248.964500 1.383134E+2
 248.988125 1.520174E+2 249.011750 1.665114E+2 249.043250 1.869666E+2
 249.082625 2.140876E+2 249.137750 2.540659E+2 249.216500 3.119598E+2
 249.259025 3.416341E+2 249.296825 3.659299E+2 249.320450 3.797602E+2
 249.351950 3.962138E+2 249.383450 4.100410E+2 249.414950 4.209036E+2
 249.442040 4.276651E+2 249.473540 4.323499E+2 249.499370 4.335615E+2
 249.528350 4.320709E+2 249.547880 4.293808E+2 249.574340 4.236250E+2
 249.603950 4.144257E+2 249.629150 4.044497E+2 249.657500 3.910748E+2
 249.690575 3.729326E+2 249.726800 3.504591E+2 249.767750 3.225921E+2
 249.833900 2.744856E+2 249.903200 2.237134E+2 249.941000 1.972089E+2
 249.966200 1.803255E+2 249.998488 1.598145E+2 250.026838 1.429693E+2
 250.048100 1.311026E+2 250.069363 1.199176E+2 250.090625 1.094269E+2
 250.104800 1.028202E+2 250.123700 9.449110E+1 250.142600 8.670390E+1
 250.161500 7.944793E+1 250.180400 7.270899E+1 250.199300 6.646991E+1
 250.218200 6.071112E+1 250.237100 5.541109E+1 250.251275 5.172335E+1
 250.267813 4.771726E+1 250.285532 4.376152E+1 250.303250 4.013402E+1
 250.320969 3.681385E+1 250.338688 3.378089E+1 250.356407 3.101516E+1
 250.374125 2.849732E+1 250.391844 2.620823E+1 250.409563 2.412995E+1
 250.427282 2.224519E+1 250.445000 2.053768E+1 250.458782 1.932204E+1
 250.472563 1.819741E+1 250.486344 1.715717E+1 250.500125 1.619518E+1
 250.513907 1.530554E+1 250.527688 1.448291E+1 250.541469 1.372210E+1
 250.555250 1.301830E+1 250.575923 1.205967E+1 250.596594 1.120551E+1
 250.617266 1.044326E+1 250.637938 9.761899E+0 250.658610 9.151601E+0
 250.674360 8.728908E+0 250.692079 8.292368E+0 250.709798 7.892894E+0
 250.727516 7.526569E+0 250.754094 7.031617E+0 250.780673 6.593148E+0
 250.807250 6.202640E+0 250.833829 5.852881E+0 250.860407 5.537953E+0
 250.886985 5.252883E+0 250.913563 4.993543E+0 250.949000 4.681922E+0
 250.984438 4.403357E+0 251.019875 4.152630E+0 251.055313 3.925561E+0
 251.090750 3.718824E+0 251.138000 3.470185E+0 251.185250 3.247819E+0
 251.232500 3.047742E+0 251.279750 2.866787E+0 251.327000 2.702392E+0
 251.382125 2.528742E+0 251.437250 2.372038E+0 251.492375 2.230032E+0
 251.547500 2.100860E+0 251.602625 1.982959E+0 251.657750 1.875010E+0
 251.712875 1.775888E+0 251.768000 1.684628E+0 251.838875 1.577521E+0
 251.909750 1.480540E+0 251.980625 1.392422E+0 252.051500 1.312098E+0
 252.122375 1.238661E+0 252.193250 1.171331E+0 252.264125 1.109441E+0
 252.335000 1.052412E+0 252.421625 9.885845E-1 252.508250 9.304831E-1
 252.594875 8.774365E-1 252.681500 8.288693E-1 252.768125 7.842860E-1
 252.854750 7.432572E-1 252.941375 7.054096E-1 253.028000 6.704174E-1
 253.138250 6.295659E-1 253.248500 5.923748E-1 253.358750 5.584148E-1
 253.469000 5.273201E-1 253.579250 4.987766E-1 253.689500 4.725129E-1
 253.799750 4.482925E-1 253.910000 4.259088E-1 254.036000 4.023445E-1
 254.162000 3.807063E-1 254.288000 3.607891E-1 254.414000 3.424145E-1
 254.603000 3.174096E-1 254.792000 2.950818E-1 254.918000 2.814987E-1
 255.075500 2.658185E-1 255.233000 2.514331E-1 255.390500 2.382045E-1
 255.548000 2.260128E-1 255.784250 2.094416E-1 256.020500 1.946611E-1
 256.178000 1.856744E-1 256.382750 1.749082E-1 256.587500 1.650693E-1
 256.792250 1.560563E-1 256.997000 1.477811E-1 257.201750 1.401664E-1
 257.406500 1.331427E-1 257.713625 1.235821E-1 257.946473 1.170208E-1
 258.207419 1.102878E-1 258.468364 1.041389E-1 258.729310 9.850880E-2
 258.990255 9.334154E-2 259.251201 8.858828E-2 259.512146 8.420542E-2
 259.903563 7.824255E-2 260.227318 7.379847E-2 260.551072 6.974233E-2
 260.874826 6.603055E-2 261.198580 6.262533E-2 261.522334 5.949391E-2
 262.007965 5.524881E-2 262.493596 5.147498E-2 262.979227 4.810540E-2
 263.464858 4.508457E-2 263.950489 4.236683E-2 264.436120 3.991875E-2
 264.921751 3.770319E-2 265.443355 3.553939E-2 265.982946 3.351463E-2
 266.522535 3.168190E-2 267.062125 3.001789E-2 267.601715 2.850270E-2
 268.321168 2.668483E-2 269.040622 2.506747E-2 269.760075 2.362256E-2
 270.479528 2.232679E-2 271.198981 2.116064E-2 271.918435 2.010770E-2
 272.637888 1.915409E-2 273.357342 1.828799E-2 274.076795 1.749929E-2
 275.155975 1.644269E-2 276.235155 1.551707E-2 277.346881 1.468493E-2
 278.474881 1.393173E-2 279.602881 1.326964E-2 280.647374 1.272422E-2
 281.691866 1.223524E-2 283.084522 1.165909E-2 284.477178 1.115738E-2
 286.101944 1.065159E-2 287.030381 1.039732E-2 288.887256 9.949365E-3
 290.744131 9.570978E-3 292.601006 9.252343E-3 294.457881 8.984290E-3
 296.314756 8.759466E-3 298.171631 8.571931E-3 300.956944 8.351538E-3
 303.742256 8.188926E-3 306.527568 8.079431E-3 309.312880 8.011679E-3
 313.026630 7.981235E-3 315.811943 8.001164E-3 318.597255 8.044403E-3
 322.311004 8.149345E-3 326.024754 8.301215E-3 329.738504 8.498450E-3
 333.452254 8.740795E-3 337.166003 9.029150E-3 340.879753 9.365493E-3
 344.593503 9.752864E-3 348.307253 1.019541E-2 352.021003 1.069850E-2
 355.734753 1.126885E-2 359.448503 1.191477E-2 364.090691 1.284317E-2
 366.876002 1.347409E-2 369.661315 1.417124E-2 372.446627 1.493726E-2
 375.231940 1.578693E-2 378.017252 1.672453E-2 380.802564 1.776990E-2
 383.587876 1.892984E-2 386.373189 2.023158E-2 389.158501 2.168593E-2
 391.015376 2.275794E-2 392.872251 2.392079E-2 394.729126 2.518482E-2
 396.586000 2.656118E-2 398.212000 2.786985E-2 399.838000 2.928685E-2
 401.464000 3.082358E-2 403.090000 3.249380E-2 404.716000 3.431332E-2
 406.342000 3.630040E-2 407.968000 3.847617E-2 410.051313 4.157490E-2
 411.423250 4.383845E-2 412.795188 4.630145E-2 414.167125 4.898758E-2
 415.539063 5.192509E-2 416.911000 5.514690E-2 418.130500 5.827966E-2
 419.350000 6.169028E-2 420.569500 6.542073E-2 421.789000 6.951891E-2
 423.008500 7.402736E-2 424.228000 7.900234E-2 425.447500 8.451120E-2
 426.667000 9.063271E-2 427.886500 9.746210E-2 429.106000 1.051123E-1
 429.919000 1.107356E-1 430.732000 1.168322E-1 431.545000 1.234569E-1
 432.358000 1.306726E-1 433.171000 1.385521E-1 433.984000 1.471795E-1
 434.797000 1.566527E-1 435.610000 1.670863E-1 436.423000 1.786151E-1
 437.236000 1.913960E-1 438.049000 2.055689E-1 438.658750 2.172667E-1
 439.268500 2.300493E-1 439.878250 2.440151E-1 440.488000 2.593081E-1
 441.097750 2.761023E-1 441.707500 2.946013E-1 442.317250 3.150443E-1
 442.927000 3.377119E-1 443.485938 3.607125E-1 444.044875 3.861467E-1
 444.603813 4.144183E-1 445.023016 4.377356E-1 445.543844 4.695807E-1
 445.924938 4.951598E-1 446.407657 5.307033E-1 446.864970 5.680587E-1
 447.315930 6.089274E-1 447.754188 6.530556E-1 448.135282 6.954763E-1
 448.516375 7.421983E-1 448.897469 7.938270E-1 449.202344 8.391395E-1
 449.558032 8.971186E-1 449.862907 9.517632E-1 450.244000 1.027427E+0
 450.498063 1.083027E+0 450.752125 1.143292E+0 451.006188 1.208763E+0
 451.260250 1.280057E+0 451.514313 1.357890E+0 451.768375 1.443088E+0
 452.022438 1.536613E+0 452.276500 1.639590E+0 452.530563 1.753344E+0
 452.784625 1.879435E+0 453.038688 2.019724E+0 453.229235 2.135578E+0
 453.419782 2.261759E+0 453.610329 2.399537E+0 453.800875 2.550383E+0
 453.987612 2.712545E+0 454.174348 2.890786E+0 454.361084 3.087313E+0
 454.547819 3.304726E+0 454.734555 3.546116E+0 454.898425 3.780598E+0
 455.050863 4.020430E+0 455.203300 4.284039E+0 455.355738 4.574706E+0
 455.508175 4.896290E+0 455.660613 5.253378E+0 455.813050 5.651434E+0
 455.965488 6.097044E+0 456.067113 6.424401E+0 456.168738 6.779175E+0
 456.270363 7.164550E+0 456.371988 7.584191E+0 456.468532 8.018441E+0
 456.559994 8.465680E+0 456.651457 8.951991E+0 456.742919 9.482115E+0
 456.834382 1.006158E+1 456.925844 1.069678E+1 457.017307 1.139528E+1
 457.108769 1.216592E+1 457.190069 1.291998E+1 457.261207 1.364018E+1
 457.332344 1.442383E+1 457.403482 1.527884E+1 457.474619 1.621435E+1
 457.545757 1.724113E+1 457.616894 1.837175E+1 457.688032 1.962115E+1
 457.749007 2.079991E+1 457.825225 2.243443E+1 457.876038 2.363742E+1
 457.926850 2.494323E+1 457.977663 2.636410E+1 458.028475 2.791390E+1
 458.079288 2.960864E+1 458.130100 3.146653E+1 458.175832 3.329540E+1
 458.221563 3.529056E+1 458.267294 3.747150E+1 458.313025 3.985998E+1
 458.358757 4.248039E+1 458.404488 4.535964E+1 458.450219 4.852765E+1
 458.495950 5.201716E+1 458.536600 5.541758E+1 458.577250 5.912694E+1
 458.617900 6.317361E+1 458.658550 6.758727E+1 458.699200 7.239859E+1
 458.739850 7.763876E+1 458.780500 8.333895E+1 458.821150 8.952959E+1
 458.870693 9.777942E+1 458.920235 1.068473E+2 458.969777 1.167718E+2
 459.019319 1.275793E+2 459.068861 1.392808E+2 459.110782 1.498752E+2
 459.161594 1.635410E+2 459.212407 1.780551E+2 459.288625 2.012110E+2
 459.380088 2.305994E+2 459.535574 2.813783E+2 459.620939 3.074405E+2
 459.680898 3.240005E+2 459.738824 3.381099E+2 459.796750 3.499507E+2
 459.857725 3.595731E+2 459.898375 3.642047E+2 459.939025 3.673218E+2
 459.996748 3.690543E+2 459.998374 3.690567E+2 460.031707 3.685448E+2
 460.077235 3.661279E+2 460.117885 3.623312E+2 460.160568 3.567483E+2
 460.205283 3.492494E+2 460.268290 3.360863E+2 460.329265 3.208570E+2
 460.390240 3.036650E+2 460.479670 2.759725E+2 460.670725 2.136000E+2
 460.746944 1.897461E+2 460.802838 1.731763E+2 460.863813 1.561941E+2
 460.909544 1.442841E+2 460.955275 1.331196E+2 461.001007 1.227144E+2
 461.051819 1.120424E+2 461.087388 1.051190E+2 461.122957 9.863345E+1
 461.158525 9.257167E+1 461.194094 8.691657E+1 461.229663 8.164985E+1
 461.265232 7.675179E+1 461.300800 7.220203E+1 461.341450 6.740179E+1
 461.382100 6.299800E+1 461.422750 5.896011E+1 461.463400 5.525856E+1
 461.504050 5.186510E+1 461.544700 4.875301E+1 461.585350 4.589727E+1
 461.626000 4.327464E+1 461.676813 4.029163E+1 461.727625 3.760151E+1
 461.778438 3.517031E+1 461.829250 3.296814E+1 461.880063 3.096851E+1
 461.930875 2.914830E+1 461.981688 2.748713E+1 462.032500 2.596732E+1
 462.093475 2.430840E+1 462.154450 2.280767E+1 462.215425 2.144546E+1
 462.276400 2.020499E+1 462.337375 1.907194E+1 462.398350 1.803400E+1
 462.459325 1.708061E+1 462.520300 1.620262E+1 462.601600 1.513574E+1
 462.682900 1.417295E+1 462.764200 1.330089E+1 462.845500 1.250829E+1
 462.926800 1.178563E+1 463.008100 1.112477E+1 463.089400 1.051878E+1
 463.170700 9.961645E+0 463.262163 9.386851E+0 463.353625 8.861003E+0
 463.445088 8.378626E+0 463.536550 7.935019E+0 463.628013 7.526087E+0
 463.765207 6.970068E+0 463.902400 6.474020E+0 464.024350 6.076619E+0
 464.146300 5.715024E+0 464.268250 5.385022E+0 464.390200 5.082998E+0
 464.512150 4.805837E+0 464.634100 4.550845E+0 464.756050 4.315688E+0
 464.878000 4.098341E+0 465.030438 3.849037E+0 465.182875 3.621863E+0
 465.335313 3.414287E+0 465.487750 3.224134E+0 465.640188 3.049506E+0
 465.792625 2.888745E+0 465.945063 2.740398E+0 466.097500 2.603203E+0
 466.275344 2.455770E+0 466.453188 2.320506E+0 466.631032 2.196111E+0
 466.808875 2.081457E+0 466.986719 1.975555E+0 467.253485 1.831243E+0
 467.520250 1.702191E+0 467.748907 1.602132E+0 467.977563 1.510644E+0
 468.206219 1.426773E+0 468.434875 1.349695E+0 468.663532 1.278695E+0
 468.892188 1.213149E+0 469.235172 1.123884E+0 469.501938 1.061088E+0
 469.806813 9.955520E-1 470.111688 9.359032E-1 470.416563 8.814729E-1
 470.721438 8.316911E-1 471.026313 7.860410E-1 471.331188 7.440400E-1
 471.636063 7.052753E-1 471.966344 6.665595E-1 472.322032 6.283012E-1
 472.677719 5.932340E-1 473.033407 5.610153E-1 473.389094 5.313452E-1
 473.744782 5.039619E-1 474.278313 4.666813E-1 474.634000 4.440729E-1
 475.040500 4.201839E-1 475.447000 3.981659E-1 475.853500 3.778287E-1
 476.463250 3.501152E-1 477.073000 3.253325E-1 477.682750 3.030817E-1
 478.292500 2.830296E-1 478.902250 2.648960E-1 479.512000 2.484441E-1
 480.121750 2.334723E-1 480.731500 2.198084E-1 481.341250 2.073047E-1
 481.951000 1.958357E-1 482.560750 1.853098E-1 483.170500 1.756286E-1
 483.983500 1.638103E-1 484.796500 1.531282E-1 485.609500 1.434528E-1
 486.422500 1.346617E-1 487.235500 1.266505E-1 488.048500 1.193298E-1
 488.861500 1.126226E-1 489.674500 1.064622E-1 490.487500 1.007911E-1
 491.300500 9.555870E-2 492.520000 8.843798E-2 493.739500 8.208015E-2
 494.959000 7.637999E-2 496.178500 7.125022E-2 497.398000 6.661718E-2
 498.617500 6.241906E-2 499.837000 5.860334E-2 501.107313 5.499890E-2
 502.479250 5.145410E-2 503.851188 4.823728E-2 505.223125 4.531070E-2
 506.595063 4.264082E-2 507.967000 4.019877E-2 509.491375 3.772257E-2
 511.015750 3.547548E-2 512.641750 3.328262E-2 514.471000 3.104885E-2
 516.300250 2.903018E-2 518.129500 2.720024E-2 519.958750 2.553682E-2
 521.788000 2.402084E-2 523.779215 2.251629E-2 525.770430 2.115235E-2
 528.126860 1.969174E-2 530.483290 1.837346E-2 532.839720 1.718236E-2
 535.196149 1.610265E-2 537.552579 1.512091E-2 539.909009 1.422567E-2
 542.265439 1.340711E-2 544.621868 1.265674E-2 546.978298 1.196722E-2
 549.334728 1.133217E-2 551.691158 1.074602E-2 554.047587 1.020391E-2
 556.404017 9.701532E-3 559.938661 9.015727E-3 563.473305 8.397228E-3
 567.007950 7.842032E-3 570.542595 7.337928E-3 574.077239 6.882276E-3
 577.611884 6.466099E-3 581.146529 6.087623E-3 584.681173 5.740123E-3
 588.804925 5.371754E-3 594.106891 4.947920E-3 598.819750 4.611276E-3
 603.532610 4.307696E-3 608.245469 4.033000E-3 612.958329 3.783652E-3
 617.671188 3.556634E-3 622.384048 3.349369E-3 627.096907 3.159635E-3
 631.809766 2.985518E-3 636.522625 2.825353E-3 641.235485 2.677694E-3
 645.948344 2.541276E-3 650.661204 2.414989E-3 655.374063 2.297857E-3
 660.086923 2.189019E-3 664.799782 2.087712E-3 671.869071 1.948890E-3
 678.938360 1.822564E-3 686.007649 1.708866E-3 693.076938 1.604792E-3
 700.146228 1.510514E-3 707.215516 1.423766E-3 714.284805 1.344733E-3
 721.354094 1.271732E-3 730.779813 1.183515E-3 740.205532 1.104104E-3
 749.631250 1.032414E-3 759.056969 9.674780E-4 768.482688 9.084760E-4
 777.908407 8.547060E-4 787.334125 8.055700E-4 796.759844 7.605500E-4
 806.185563 7.192010E-4 815.611282 6.811330E-4 825.037000 6.460120E-4
 834.462719 6.135410E-4 843.888438 5.834590E-4 853.314157 5.555400E-4
 862.739875 5.295820E-4 872.165594 5.054050E-4 886.304173 4.722790E-4
 900.442750 4.420640E-4 914.581329 4.148950E-4 928.719907 3.899730E-4
 942.858485 3.674210E-4 956.997063 3.466330E-4 971.135641 3.277160E-4
 985.274220 3.104910E-4 994.699940 2.993600E-4 1013.55138 2.793160E-4
 1032.40282 2.612570E-4 1051.25425 2.449350E-4 1070.10569 2.301400E-4
 1088.95713 2.166900E-4 1107.80857 2.044320E-4 1126.66000 1.932330E-4
 1142.92000 1.843380E-4 1159.18000 1.760830E-4 1175.44000 1.684110E-4
 1191.70000 1.612730E-4 1212.02500 1.530310E-4 1232.35000 1.454730E-4
 1252.67500 1.385340E-4 1273.00000 1.321550E-4 1299.79469 1.245140E-4
 1326.58937 1.176560E-4 1353.38406 1.114950E-4 1380.17874 1.059600E-4
 1406.97343 1.009910E-4 1433.76811 9.653640E-5 1460.56279 9.255390E-5
 1487.35747 8.900800E-5 1514.15216 8.587030E-5 1540.94684 8.311830E-5
 1567.74152 8.073520E-5 1594.53620 7.870990E-5 1621.33089 7.703670E-5
 1648.12557 7.571590E-5 1674.92025 7.475440E-5 1701.71493 7.416620E-5
 1728.93807 7.397360E-5 1753.33036 7.419140E-5 1777.72265 7.480250E-5
 1810.60747 7.625490E-5 1831.02483 7.765580E-5 1851.44218 7.942970E-5
 1871.85953 8.171080E-5 1892.27687 8.448400E-5 1905.88844 8.669320E-5
 1924.66250 9.028040E-5 1940.15000 9.373160E-5 1955.63750 9.778180E-5
 1971.12500 1.024250E-4 1981.45000 1.059500E-4 1991.77500 1.098500E-4
 2002.10000 1.141720E-4 2012.42500 1.189670E-4 2022.75000 1.242990E-4
 2033.07500 1.302410E-4 2043.40000 1.368800E-4 2053.72500 1.443180E-4
 2064.05000 1.526800E-4 2076.95625 1.646520E-4 2084.70000 1.727700E-4
 2092.44375 1.817520E-4 2100.18750 1.916270E-4 2107.93125 2.026200E-4
 2115.67500 2.147750E-4 2123.41875 2.284000E-4 2130.13000 2.414300E-4
 2136.32500 2.547480E-4 2142.52000 2.693650E-4 2149.73718 2.883990E-4
 2155.59145 3.054660E-4 2161.10500 3.233040E-4 2167.30000 3.454330E-4
 2172.90648 3.677370E-4 2177.03648 3.857490E-4 2181.55883 4.072080E-4
 2185.86694 4.297790E-4 2189.96080 4.526430E-4 2194.09080 4.780520E-4
 2198.25694 5.061200E-4 2202.32240 5.363960E-4 2206.28720 5.683700E-4
 2210.00420 6.013740E-4 2213.47340 6.350090E-4 2217.68600 6.799830E-4
 2221.40300 7.239500E-4 2225.12000 7.725260E-4 2228.55823 8.221690E-4
 2231.99645 8.773290E-4 2235.26432 9.350690E-4 2238.19145 9.916730E-4
 2241.11859 1.053998E-3 2244.04573 1.122539E-3 2246.97287 1.198408E-3
 2249.90000 1.282403E-3 2252.99750 1.381417E-3 2255.06250 1.454206E-3
 2257.12750 1.533129E-3 2259.19250 1.619214E-3 2261.25750 1.711928E-3
 2263.32250 1.813400E-3 2265.38750 1.924585E-3 2267.32860 2.039191E-3
 2269.14580 2.155653E-3 2270.96300 2.282687E-3 2272.78020 2.421552E-3
 2274.68000 2.580942E-3 2276.66240 2.764873E-3 2278.64480 2.969480E-3
 2280.13160 3.138139E-3 2281.61840 3.321609E-3 2283.39430 3.563823E-3
 2285.17020 3.833685E-3 2286.50213 4.056440E-3 2287.83405 4.300280E-3
 2289.18663 4.570093E-3 2290.58050 4.876139E-3 2291.97438 5.214871E-3
 2293.36825 5.590532E-3 2294.76213 6.008654E-3 2296.15600 6.475888E-3
 2297.08525 6.818559E-3 2298.01450 7.189367E-3 2298.94375 7.591485E-3
 2299.87300 8.028545E-3 2300.80225 8.504724E-3 2301.73150 9.024842E-3
 2302.66075 9.594485E-3 2303.59000 1.022016E-2 2304.67413 1.103113E-2
 2305.39688 1.162680E-2 2306.11963 1.227203E-2 2306.84238 1.297247E-2
 2307.56513 1.373500E-2 2308.28788 1.456757E-2 2309.01063 1.547900E-2
 2309.65594 1.636754E-2 2310.50775 1.766294E-2 2311.07563 1.861398E-2
 2311.64350 1.964399E-2 2312.21138 2.076234E-2 2312.77925 2.197980E-2
 2313.34713 2.330867E-2 2313.91500 2.476282E-2 2314.61194 2.674268E-2
 2315.07657 2.819832E-2 2315.54119 2.977682E-2 2316.00582 3.149252E-2
 2316.47044 3.336178E-2 2316.93507 3.540368E-2 2317.39969 3.764016E-2
 2317.81269 3.981221E-2 2318.35475 4.296252E-2 2318.71613 4.527667E-2
 2319.07750 4.778418E-2 2319.43888 5.050737E-2 2319.80025 5.347145E-2
 2320.16163 5.670586E-2 2320.52300 6.024442E-2 2320.94891 6.486019E-2
 2321.37482 7.003249E-2 2321.65875 7.383605E-2 2321.94269 7.796239E-2
 2322.22663 8.244955E-2 2322.51057 8.734141E-2 2322.79450 9.268843E-2
 2323.14298 9.996084E-2 2323.37529 1.053026E-1 2323.60760 1.110913E-1
 2323.83991 1.173789E-1 2324.07223 1.242258E-1 2324.30454 1.317008E-1
 2324.53685 1.398850E-1 2324.74335 1.478313E-1 2325.01438 1.593552E-1
 2325.19507 1.678212E-1 2325.37575 1.769971E-1 2325.55644 1.869678E-1
 2325.73713 1.978303E-1 2325.91782 2.096980E-1 2326.09850 2.227031E-1
 2326.25338 2.348752E-1 2326.40825 2.481132E-1 2326.56313 2.625540E-1
 2326.71800 2.783545E-1 2326.87288 2.957052E-1 2327.02775 3.148292E-1
 2327.18263 3.360021E-1 2327.33750 3.595570E-1 2327.46657 3.813079E-1
 2327.59563 4.053032E-1 2327.72469 4.319184E-1 2327.85375 4.616244E-1
 2327.95056 4.862918E-1 2328.04735 5.133435E-1 2328.14415 5.431740E-1
 2328.24094 5.762515E-1 2328.33774 6.131685E-1 2328.41840 6.473781E-1
 2328.49100 6.812939E-1 2328.56360 7.186245E-1 2328.63620 7.598869E-1
 2328.70880 8.056875E-1 2328.78139 8.567289E-1 2328.85399 9.138547E-1
 2328.92659 9.780244E-1 2328.99919 1.050360E+0 2329.04759 1.103753E+0
 2329.09599 1.161779E+0 2329.14438 1.224898E+0 2329.18956 1.288895E+0
 2329.23473 1.358235E+0 2329.27990 1.433427E+0 2329.32507 1.515005E+0
 2329.37024 1.603547E+0 2329.41541 1.699672E+0 2329.46058 1.804042E+0
 2329.50575 1.917367E+0 2329.55222 2.044093E+0 2329.59868 2.181938E+0
 2329.64514 2.331854E+0 2329.69160 2.494816E+0 2329.73420 2.656584E+0
 2329.77679 2.830971E+0 2329.82519 3.045605E+0 2329.87487 3.285451E+0
 2329.92392 3.543094E+0 2329.97554 3.838207E+0 2330.01684 4.093172E+0
 2330.06847 4.436963E+0 2330.12655 4.859059E+0 2330.17172 5.214773E+0
 2330.22334 5.652338E+0 2330.27497 6.124785E+0 2330.32659 6.633608E+0
 2330.37564 7.152336E+0 2330.42210 7.676518E+0 2330.46856 8.233666E+0
 2330.51502 8.824667E+0 2330.56407 9.486191E+0 2330.61569 1.022483E+1
 2330.66732 1.100776E+1 2330.74475 1.226532E+1 2330.82219 1.362278E+1
 2330.89963 1.507799E+1 2330.97707 1.662695E+1 2331.05450 1.826333E+1
 2331.15775 2.056685E+1 2331.28682 2.360327E+1 2331.61722 3.167566E+1
 2331.75660 3.492428E+1 2331.87276 3.741727E+1 2331.96311 3.916730E+1
 2332.06636 4.091542E+1 2332.14380 4.202288E+1 2332.22123 4.293608E+1
 2332.31002 4.372564E+1 2332.39262 4.419900E+1 2332.48658 4.442010E+1
 2332.50000 4.442374E+1 2332.57847 4.430502E+1 2332.67450 4.383784E+1
 2332.76329 4.310071E+1 2332.86138 4.196533E+1 2332.94398 4.076880E+1
 2333.03690 3.918848E+1 2333.14532 3.707657E+1 2333.27438 3.426817E+1
 2333.41893 3.087078E+1 2333.71835 2.361184E+1 2333.82677 2.108609E+1
 2333.90420 1.935653E+1 2334.00745 1.716973E+1 2334.09005 1.553196E+1
 2334.17265 1.400213E+1 2334.25081 1.265851E+1 2334.30832 1.173579E+1
 2334.36582 1.086935E+1 2334.42333 1.005859E+1 2334.48084 9.302876E+0
 2334.50000 9.063140E+0 2334.50000 1.955752E+0 2400.37142 1.922242E+0
 2468.10150 1.887787E+0 2485.56842 1.878902E+0 2555.70246 1.846291E+0
 2605.25121 1.823252E+0 2678.76228 1.792214E+0 2754.34758 1.760300E+0
 2795.66694 1.742854E+0 2874.55088 1.713184E+0 2955.66064 1.682677E+0
 3000.00000 1.666000E+0 3084.64950 1.640569E+0 3171.68751 1.614420E+0
 3223.70980 1.598791E+0 3314.67161 1.574037E+0 3402.37323 1.550170E+0
 3498.37629 1.526675E+0 3597.08823 1.502516E+0 3689.10462 1.479997E+0
 3793.19824 1.457565E+0 3900.22902 1.434500E+0 4000.00000 1.413000E+0
 4112.86600 1.393104E+0 4228.91668 1.372646E+0 4229.48506 1.372546E+0
 4348.82633 1.353627E+0 4471.53498 1.334174E+0 4597.70605 1.314172E+0
 4598.63298 1.314025E+0 4728.39031 1.295913E+0 4861.80893 1.277290E+0
 4998.99216 1.258141E+0 5000.00000 1.258000E+0 5141.08250 1.241987E+0
 5286.14585 1.225522E+0 5435.30239 1.208592E+0 5477.22558 1.203834E+0
 5631.77372 1.188510E+0 5790.68266 1.172754E+0 5954.07546 1.156553E+0
 6000.00000 1.152000E+0 6169.29900 1.137843E+0 6343.37503 1.123286E+0
 6480.74070 1.111799E+0 6663.60452 1.098135E+0 6851.62812 1.084086E+0
 7000.00000 1.073000E+0 7197.51550 1.060353E+0 7400.60420 1.047350E+0
 7483.31477 1.042054E+0 7694.46772 1.029772E+0 7911.57867 1.017143E+0
 8000.00000 1.012000E+0 8225.73200 1.000248E+0 8457.83337 9.881637E-1
 8485.28137 9.867346E-1 8724.70631 9.752757E-1 8970.88699 9.634934E-1
 9000.00000 9.621000E-1 9253.94850 9.514342E-1 9515.06254 9.404674E-1
 9783.54430 9.291911E-1 10000.0000 9.201000E-1 10282.1650 9.095663E-1
 10572.2917 8.987355E-1 10870.6048 8.875990E-1 10905.0773 8.863121E-1
 11212.7804 8.760856E-1 11529.1658 8.655706E-1 11763.9699 8.577670E-1
 12095.9080 8.478021E-1 12437.2121 8.375560E-1 12570.8144 8.335452E-1
 12925.5188 8.238037E-1 13290.2317 8.137874E-1 13322.0708 8.129129E-1
 13697.9730 8.037062E-1 14084.4819 7.942398E-1 14481.8966 7.845062E-1
 14746.4099 7.780277E-1 15162.5020 7.690530E-1 15590.3347 7.598252E-1
 15913.7388 7.528497E-1 16362.7688 7.440455E-1 16824.4689 7.349929E-1
 16849.4864 7.345024E-1 17324.9199 7.260879E-1 17813.7685 7.174359E-1
 18316.4107 7.085398E-1 18357.2800 7.078164E-1 18875.2582 6.997076E-1
 19407.8519 6.913700E-1 19955.4736 6.827971E-1 20000.0000 6.821000E-1
 20564.3300 6.736417E-1 21144.5834 6.649447E-1 21741.2096 6.560023E-1
 22133.6384 6.501205E-1 22758.1722 6.419056E-1 23400.3282 6.334589E-1
 23881.9575 6.271237E-1 24555.8228 6.190869E-1 25248.7021 6.108234E-1
 25283.2416 6.104115E-1 25996.6462 6.027526E-1 26730.1806 5.948775E-1
 27484.4127 5.867802E-1 27540.8287 5.861746E-1 28317.9345 5.788197E-1
 29116.9675 5.712574E-1 29938.5464 5.634816E-1 30000.0000 5.629000E-1
 30846.4950 5.553255E-1 31716.8751 5.475373E-1 32237.0980 5.428823E-1
 33146.7161 5.354772E-1 34023.7323 5.283376E-1 34983.7629 5.212763E-1
 35970.8823 5.140159E-1 36891.0462 5.072479E-1 37931.9824 5.004685E-1
 39002.2902 4.934978E-1 40000.0000 4.870000E-1 41128.6600 4.802527E-1
 42289.1668 4.733151E-1 42294.8506 4.732811E-1 43488.2633 4.668615E-1
 44715.3498 4.602608E-1 45977.0605 4.534739E-1 45986.3298 4.534240E-1
 47283.9031 4.472738E-1 48618.0893 4.409500E-1 49989.9216 4.344478E-1
 50000.0000 4.344000E-1 51410.8250 4.285771E-1 52861.4585 4.225899E-1
 54353.0239 4.164338E-1 54772.2558 4.147035E-1 56317.7372 4.091446E-1
 57906.8266 4.034288E-1 59540.7546 3.975518E-1 60000.0000 3.959000E-1
 61692.9900 3.906965E-1 63433.7503 3.853463E-1 64807.4070 3.811243E-1
 66636.0452 3.761150E-1 68516.2812 3.709644E-1 70000.0000 3.669000E-1
 71975.1550 3.622719E-1 74006.0420 3.575133E-1 74833.1477 3.555752E-1
 76944.6772 3.510900E-1 79115.7867 3.464782E-1 80000.0000 3.446000E-1
 82257.3200 3.404768E-1 84578.3337 3.362374E-1 84852.8137 3.357360E-1
 87247.0631 3.317189E-1 89708.8699 3.275885E-1 90000.0000 3.271000E-1
 92539.4850 3.235447E-1 95150.6254 3.198891E-1 97835.4430 3.161304E-1
 100000.000 3.131000E-1 102821.650 3.100338E-1 105722.917 3.068810E-1
 108706.048 3.036393E-1 109544.512 3.027282E-1 112635.475 2.997636E-1
 115813.654 2.967153E-1 119081.510 2.935810E-1 120000.000 2.927000E-1
 123385.980 2.902768E-1 126867.501 2.877852E-1 129614.814 2.858191E-1
 133272.090 2.834529E-1 137032.562 2.810199E-1 140000.000 2.791000E-1
 143950.310 2.772829E-1 148012.084 2.754144E-1 152188.467 2.734933E-1
 156482.693 2.715180E-1 160000.000 2.699000E-1 164514.640 2.684779E-1
 169156.667 2.670157E-1 173929.676 2.655122E-1 178837.363 2.639662E-1
 180000.000 2.636000E-1 185078.970 2.625334E-1 190301.251 2.614367E-1
 195670.886 2.603091E-1 200000.000 2.594000E-1 205643.300 2.588244E-1
 211445.834 2.582325E-1 217412.096 2.576240E-1 223546.704 2.569982E-1
 229854.410 2.563549E-1 236340.096 2.556933E-1 243008.787 2.550131E-1
 249865.644 2.543137E-1 250000.000 2.543000E-1 300000.000 2.542000E-1
 300000.000 2.541983E-1 350000.000 2.565959E-1 361881.208 2.469157E-1
 380463.511 2.330699E-1 400000.000 2.199990E-1 416552.886 2.060336E-1
 435337.288 1.917425E-1 450000.000 1.817021E-1 481033.780 1.725123E-1
 500000.000 1.673008E-1 550000.000 1.601005E-1 600000.000 1.568002E-1
 650000.000 1.552002E-1 709875.775 1.555975E-1 750000.000 1.564002E-1
 822573.200 1.599190E-1 850000.000 1.613988E-1 900000.000 1.563996E-1
 963402.838 1.470772E-1 1000000.00 1.421010E-1 1200000.00 1.394001E-1
 1400000.00 1.391001E-1 1800000.00 1.422001E-1 2000000.00 1.461998E-1
 2200000.00 1.459999E-1 2400000.00 1.436999E-1 2600000.00 1.396999E-1
 2800000.00 1.339999E-1 3166552.00 1.218755E-1 3250000.00 1.192998E-1
 3372684.39 1.136146E-1 3549378.88 1.062026E-1 3673956.18 1.013252E-1
 3750000.00 9.848989E-2 3872983.35 9.302334E-2 4123105.63 8.276747E-2
 4373213.92 7.332148E-2 4500000.00 6.894990E-2 4623310.50 6.396485E-2
 4750000.00 5.934006E-2 4873397.17 5.526514E-2 5000000.00 5.146993E-2
 5059925.12 4.945272E-2 5166527.43 4.611079E-2 5278904.60 4.290906E-2
 5404093.18 3.965329E-2 5500000.00 3.737996E-2 5560146.82 3.583039E-2
 5666990.80 3.327150E-2 5779407.26 3.083056E-2 5857378.42 2.927340E-2
 5904411.32 2.835867E-2 6030166.68 2.606957E-2 6060333.36 2.549916E-2
 6167380.24 2.361896E-2 6279829.22 2.183012E-2 6357716.03 2.069152E-2
 6404678.06 2.002315E-2 6560492.48 1.795172E-2 6667712.13 1.660461E-2
 6780188.50 1.532485E-2 6858003.33 1.451132E-2 6904904.93 1.403396E-2
 7060629.83 1.257522E-2 7167998.38 1.164462E-2 7280498.10 1.075951E-2
 7358250.77 1.019628E-2 7405100.25 9.865691E-3 7530374.79 9.059834E-3
 7614498.68 8.565734E-3 7668247.77 8.257809E-3 7749873.25 7.824125E-3
 7873943.48 7.215930E-3 8000000.00 6.655013E-3 8122172.74 6.182530E-3
 8250192.79 5.731617E-3 8391994.01 5.274780E-3 8500000.00 4.957010E-3
 8622333.60 4.648961E-3 8715237.84 4.430558E-3 8856474.50 4.122039E-3
 9000000.00 3.835008E-3 9168952.34 3.558932E-3 9356631.96 3.278954E-3
 9500000.00 3.084006E-3 9622606.00 2.946874E-3 9809488.26 2.752530E-3
 10000000.0 2.571007E-3 10241136.9 2.402681E-3 10425797.9 2.283713E-3
 10709051.2 2.116215E-3 11000000.0 1.961005E-3 11241902.8 1.877007E-3
 11614767.9 1.757713E-3 12000000.0 1.646002E-3 12489996.0 1.545428E-3
 13000000.0 1.451001E-3 13490737.6 1.374482E-3 14000000.0 1.302000E-3
 14491376.7 1.226299E-3 15000000.0 1.154999E-3 15243982.5 1.110633E-3
 15617417.2 1.047259E-3 16000000.0 9.874990E-4 16244345.5 9.413960E-4
 16617878.1 8.762440E-4 17000000.0 8.155990E-4 17337571.5 7.578800E-4
 17712949.0 6.992660E-4 18337904.7 6.094360E-4 18572059.5 5.782290E-4
 18713263.9 5.599020E-4 19000000.0 5.255000E-4 19338203.8 4.879900E-4
 19713546.4 4.499230E-4 20000000.0 4.234030E-4                      
