 1.000000E-5 5.693818E+1 1.102400E-5 5.431760E+1 1.215040E-5 5.183096E+1
 1.339460E-5 4.946225E+1 1.476330E-5 4.721529E+1 1.627500E-5 4.507585E+1
 1.793810E-5 4.304720E+1 1.977490E-5 4.111655E+1 2.179560E-5 3.928695E+1
 2.402740E-5 3.754667E+1 2.648260E-5 3.589857E+1 2.919430E-5 3.433203E+1
 3.217750E-5 3.284956E+1 3.547230E-5 3.144167E+1 3.909700E-5 3.011052E+1
 4.310050E-5 2.884760E+1 4.750460E-5 2.765487E+1 5.236900E-5 2.652460E+1
 5.772020E-5 2.545853E+1 6.363060E-5 2.444971E+1 7.013260E-5 2.349964E+1
 7.838950E-5 2.247917E+1 8.761860E-5 2.152626E+1 9.793430E-5 2.063763E+1
 1.094640E-4 1.981015E+1 1.223520E-4 1.904082E+1 1.367570E-4 1.832676E+1
 1.528580E-4 1.766522E+1 1.708540E-4 1.705351E+1 1.909700E-4 1.648906E+1
 2.164650E-4 1.590695E+1 2.453160E-4 1.537884E+1 2.780660E-4 1.489963E+1
 3.151280E-4 1.446748E+1 3.621670E-4 1.403730E+1 4.162290E-4 1.365587E+1
 4.851090E-4 1.328725E+1 5.652790E-4 1.296730E+1 6.679900E-4 1.266677E+1
 8.005010E-4 1.239113E+1 9.726430E-4 1.214418E+1 1.198246E-3 1.192749E+1
 1.518122E-3 1.173047E+1 1.977280E-3 1.155903E+1 2.685334E-3 1.140952E+1
 3.802747E-3 1.128678E+1 5.852835E-3 1.118334E+1 1.007065E-2 1.110268E+1
 2.134719E-2 1.104265E+1 2.508752E-2 1.103440E+1 2.530000E-2 1.103400E+1
 0.10031103 1.099253E+1 3.89428269 1.057811E+1 10.0300434 9.995269E+0
 16.5510310 9.455128E+0 23.7642682 8.934211E+0 31.3884690 8.454665E+0
 39.7538081 7.996233E+0 48.8500000 7.560943E+0 58.6000000 7.153714E+0
 69.6092049 6.751838E+0 82.0000000 6.354883E+0 95.0398501 5.985920E+0
 110.746202 5.588630E+0 133.558000 5.063470E+0 158.050000 4.508392E+0
 170.179000 4.207184E+0 179.188000 3.954927E+0 185.701000 3.747781E+0
 190.966000 3.558133E+0 195.178000 3.386759E+0 199.390000 3.192273E+0
 202.900000 3.007655E+0 205.240000 2.869796E+0 207.580000 2.717657E+0
 209.920000 2.548405E+0 211.675000 2.408132E+0 213.332500 2.263385E+0
 214.990000 2.105039E+0 216.160000 1.983811E+0 217.281250 1.859515E+0
 218.353750 1.732517E+0 219.475000 1.590542E+0 220.645000 1.431408E+0
 221.522500 1.304314E+0 222.400000 1.170358E+0 223.277500 1.029539E+0
 224.179375 8.780095E-1 225.154375 7.076063E-1 226.885000 3.982275E-1
 227.372500 3.135143E-1 227.713750 2.563084E-1 227.969688 2.150942E-1
 228.189063 1.812519E-1 228.371875 1.543183E-1 228.518125 1.337427E-1
 228.640000 1.173437E-1 228.761875 1.016999E-1 228.871563 8.833006E-2
 228.962969 7.774823E-2 229.054375 6.771591E-2 229.127500 6.011307E-2
 229.203673 5.261893E-2 229.264610 4.695382E-2 229.325548 4.159725E-2
 229.371250 3.779134E-2 229.426094 3.347331E-2 229.462657 3.075098E-2
 229.499219 2.815794E-2 229.532735 2.589757E-2 229.563204 2.394199E-2
 229.593673 2.208328E-2 229.624141 2.032375E-2 229.651563 1.882680E-2
 229.688125 1.696169E-2 229.712500 1.580320E-2 229.736875 1.471412E-2
 229.764298 1.357344E-2 229.791719 1.252422E-2 229.817618 1.161884E-2
 229.840469 1.089043E-2 229.863321 1.022919E-2 229.883126 9.711384E-3
 229.901407 9.279679E-3 229.919688 8.893011E-3 229.941016 8.499653E-3
 229.962344 8.169456E-3 229.980626 7.937468E-3 229.998907 7.753307E-3
 230.014141 7.636842E-3 230.029375 7.554429E-3 230.044610 7.506460E-3
 230.059844 7.493339E-3 230.075079 7.515469E-3 230.093360 7.589126E-3
 230.108595 7.690249E-3 230.123829 7.827936E-3 230.139063 8.002614E-3
 230.154297 8.214712E-3 230.171055 8.491767E-3 230.187813 8.815211E-3
 230.206094 9.221649E-3 230.224375 9.684773E-3 230.242657 1.020540E-2
 230.260938 1.078427E-2 230.279220 1.142227E-2 230.297501 1.212014E-2
 230.317306 1.294477E-2 230.340157 1.398622E-2 230.363008 1.512570E-2
 230.388907 1.653784E-2 230.416329 1.817550E-2 230.443750 1.996267E-2
 230.468125 2.167941E-2 230.492500 2.351908E-2 230.516875 2.548398E-2
 230.541250 2.757645E-2 230.565625 2.979888E-2 230.590000 3.215371E-2
 230.614375 3.464345E-2 230.638750 3.727060E-2 230.669219 4.075179E-2
 230.699688 4.445692E-2 230.730157 4.839129E-2 230.769766 5.385751E-2
 230.797188 5.788062E-2 230.833750 6.355669E-2 230.870313 6.959886E-2
 230.906875 7.601726E-2 230.949532 8.399576E-2 230.992188 9.251875E-2
 231.034844 1.016047E-1 231.077500 1.112727E-1 231.126250 1.230596E-1
 231.175000 1.356629E-1 231.223750 1.491142E-1 231.272500 1.634466E-1
 231.318204 1.777146E-1 231.363907 1.928168E-1 231.424844 2.143047E-1
 231.485782 2.374082E-1 231.534532 2.571081E-1 231.589375 2.806221E-1
 231.644219 3.056303E-1 231.699063 3.322007E-1 231.753907 3.604047E-1
 231.808750 3.903171E-1 231.881875 4.329965E-1 231.955000 4.790541E-1
 232.028125 5.287030E-1 232.101250 5.821713E-1 232.165235 6.322815E-1
 232.229219 6.856773E-1 232.293204 7.425463E-1 232.357188 8.030851E-1
 232.421172 8.675057E-1 232.491250 9.427829E-1 232.564375 1.026929E+0
 232.637500 1.117171E+0 232.710625 1.213926E+0 232.783750 1.317646E+0
 232.856875 1.428817E+0 232.930000 1.547964E+0 233.003125 1.675659E+0
 233.076250 1.812519E+0 233.149375 1.959214E+0 233.222500 2.116471E+0
 233.304766 2.307002E+0 233.387032 2.513139E+0 233.469297 2.736239E+0
 233.551563 2.977811E+0 233.633829 3.239512E+0 233.716094 3.523178E+0
 233.798360 3.830856E+0 233.880625 4.164810E+0 233.962891 4.527577E+0
 234.045157 4.921977E+0 234.127422 5.351167E+0 234.209688 5.818702E+0
 234.291954 6.328562E+0 234.374219 6.885236E+0 234.456485 7.493815E+0
 234.538750 8.160043E+0 234.611875 8.805923E+0 234.685000 9.507717E+0
 234.758125 1.027129E+1 234.831250 1.110325E+1 234.904375 1.201111E+1
 234.976282 1.298612E+1 235.047579 1.404254E+1 235.118875 1.519854E+1
 235.190173 1.646593E+1 235.261469 1.785812E+1 235.330938 1.934956E+1
 235.396750 2.090051E+1 235.462563 2.260238E+1 235.528375 2.447398E+1
 235.594188 2.653722E+1 235.660000 2.881751E+1 235.725813 3.134473E+1
 235.769688 3.318375E+1 235.813563 3.515990E+1 235.857438 3.728654E+1
 235.901313 3.957876E+1 235.945188 4.205355E+1 235.989063 4.473020E+1
 236.030500 4.746318E+1 236.069500 5.023650E+1 236.108500 5.322501E+1
 236.147500 5.645118E+1 236.186500 5.994058E+1 236.225500 6.372238E+1
 236.264500 6.783008E+1 236.303500 7.230228E+1 236.340063 7.686571E+1
 236.374188 8.148681E+1 236.408313 8.649820E+1 236.442438 9.194589E+1
 236.476563 9.788312E+1 236.510688 1.043717E+2 236.544813 1.114835E+2
 236.578938 1.193028E+2 236.610625 1.272829E+2 236.639875 1.353456E+2
 236.669125 1.441625E+2 236.698375 1.538302E+2 236.727625 1.644595E+2
 236.756875 1.761778E+2 236.786125 1.891312E+2 236.815375 2.034873E+2
 236.842188 2.180425E+2 236.866563 2.325761E+2 236.890938 2.484936E+2
 236.915313 2.659494E+2 236.939688 2.851137E+2 236.964063 3.061730E+2
 236.988438 3.293304E+2 237.012813 3.548065E+2 237.035969 3.813718E+2
 237.057907 4.088639E+2 237.079844 4.388142E+2 237.101782 4.714290E+2
 237.123719 5.069169E+2 237.145657 5.454985E+2 237.167594 5.873911E+2
 237.189532 6.328207E+2 237.210250 6.791678E+2 237.229750 7.260116E+2
 237.249250 7.761269E+2 237.268750 8.296496E+2 237.288250 8.867044E+2
 237.307750 9.474019E+2 237.337000 1.045476E+3 237.365032 1.147559E+3
 237.390625 1.247753E+3 237.416219 1.354600E+3 237.450344 1.507163E+3
 237.484469 1.670670E+3 237.519813 1.850450E+3 237.560032 2.065855E+3
 237.636813 2.497083E+3 237.697750 2.840912E+3 237.741625 3.077916E+3
 237.785500 3.297494E+3 237.826450 3.479970E+3 237.857163 3.598960E+3
 237.894700 3.719999E+3 237.931750 3.810026E+3 237.961000 3.858743E+3
 237.996490 3.890051E+3 238.015600 3.894026E+3 238.046800 3.881087E+3
 238.077025 3.845918E+3 238.109200 3.784907E+3 238.138450 3.709554E+3
 238.167700 3.616746E+3 238.208650 3.460808E+3 238.251550 3.270301E+3
 238.297375 3.043734E+3 238.370500 2.653637E+3 238.458250 2.179114E+3
 238.504563 1.940482E+3 238.538688 1.773789E+3 238.572813 1.616413E+3
 238.606938 1.469305E+3 238.634969 1.356563E+3 238.667875 1.233745E+3
 238.700782 1.121211E+3 238.722719 1.051811E+3 238.744657 9.867839E+2
 238.766594 9.260012E+2 238.788532 8.693006E+2 238.811688 8.136901E+2
 238.836063 7.596154E+2 238.860438 7.098523E+2 238.884813 6.641236E+2
 238.909188 6.221503E+2 238.933563 5.836567E+2 238.957938 5.483739E+2
 238.982313 5.160425E+2 239.012782 4.794031E+2 239.040204 4.496662E+2
 239.067625 4.226808E+2 239.095048 3.981633E+2 239.122469 3.758607E+2
 239.149891 3.555379E+2 239.177313 3.369859E+2 239.204735 3.200168E+2
 239.232157 3.044623E+2 239.268719 2.856678E+2 239.299188 2.715006E+2
 239.335750 2.560642E+2 239.372313 2.421186E+2 239.408875 2.294708E+2
 239.433250 2.216773E+2 239.482000 2.074341E+2 239.530750 1.947481E+2
 239.579500 1.833851E+2 239.628250 1.731546E+2 239.677000 1.639004E+2
 239.725750 1.554936E+2 239.774500 1.478268E+2 239.823250 1.408099E+2
 239.896375 1.313399E+2 239.969500 1.229525E+2 240.042625 1.154794E+2
 240.108438 1.094230E+2 240.191313 1.025694E+2 240.274188 9.645464E+1
 240.357063 9.097090E+1 240.439938 8.602988E+1 240.522813 8.155880E+1
 240.605688 7.749704E+1 240.688563 7.379375E+1 240.790938 6.965058E+1
 240.912813 6.525317E+1 241.034688 6.134988E+1 241.156563 5.786581E+1
 241.278438 5.474015E+1 241.400313 5.192309E+1 241.522188 4.937343E+1
 241.644063 4.705675E+1 241.765938 4.494413E+1 241.948750 4.210526E+1
 242.131563 3.960332E+1 242.314375 3.738440E+1 242.497188 3.540517E+1
 242.680000 3.363062E+1 242.850625 3.213371E+1 243.106563 3.013449E+1
 243.362500 2.838396E+1 243.618438 2.683912E+1 243.874375 2.546651E+1
 244.166875 2.407574E+1 244.410625 2.304032E+1 244.776250 2.166406E+1
 245.141875 2.046510E+1 245.507500 1.941231E+1 245.873125 1.848131E+1
 246.238750 1.765272E+1 246.482500 1.714942E+1 246.970000 1.624354E+1
 247.457500 1.545151E+1 247.945000 1.475368E+1 248.420313 1.414984E+1
 248.895625 1.360964E+1 249.529375 1.297054E+1 250.163125 1.241004E+1
 250.772500 1.193287E+1 251.650000 1.133313E+1 252.527500 1.081733E+1
 253.405000 1.036910E+1 253.990000 1.010157E+1 255.160000 9.628554E+0
 256.330000 9.223401E+0 257.500000 8.872646E+0 258.670000 8.565713E+0
 260.425000 8.170539E+0 262.180000 7.837419E+0 263.935000 7.552325E+0
 265.690000 7.305115E+0 268.202886 7.003032E+0 270.390101 6.779254E+0
 272.923087 6.554782E+0 276.300402 6.300885E+0 279.677716 6.086364E+0
 283.055031 5.901720E+0 288.121003 5.666653E+0 293.186975 5.468639E+0
 299.941604 5.245179E+0 306.696234 5.054061E+0 315.702406 4.832265E+0
 341.811069 4.261484E+0 347.177824 4.126475E+0 351.202891 4.006898E+0
 354.053979 3.905068E+0 356.318079 3.807682E+0 358.582179 3.686769E+0
 360.091579 3.586097E+0 361.223629 3.494978E+0 362.193209 3.402210E+0
 363.081555 3.300956E+0 363.969900 3.178558E+0 364.558163 3.081920E+0
 365.146425 2.968891E+0 365.683850 2.847151E+0 366.119600 2.731794E+0
 366.555350 2.597440E+0 366.845850 2.494807E+0 367.136350 2.379439E+0
 367.426850 2.248841E+0 367.644725 2.139049E+0 367.862600 2.017350E+0
 368.080475 1.881862E+0 368.225725 1.782829E+0 368.370975 1.676048E+0
 368.516225 1.560861E+0 368.661475 1.436718E+0 368.806725 1.303401E+0
 368.951975 1.161570E+0 369.155325 9.557606E-1 369.220688 8.922126E-1
 369.264263 8.526065E-1 369.307838 8.167199E-1 369.340519 7.933504E-1
 369.373200 7.741641E-1 369.398619 7.629769E-1 369.424038 7.558964E-1
 369.449457 7.538518E-1 369.468521 7.562835E-1 369.487585 7.627135E-1
 369.506649 7.737624E-1 369.525713 7.901351E-1 369.544778 8.126315E-1
 369.557487 8.314705E-1 369.570196 8.537248E-1 369.585629 8.858034E-1
 369.599246 9.191794E-1 369.612863 9.577978E-1 369.626480 1.002166E+0
 369.640097 1.052834E+0 369.653715 1.110400E+0 369.667332 1.175497E+0
 369.680949 1.248819E+0 369.694566 1.331111E+0 369.708183 1.423173E+0
 369.721800 1.525861E+0 369.732694 1.616282E+0 369.743588 1.714591E+0
 369.754482 1.821317E+0 369.765375 1.937001E+0 369.776269 2.062250E+0
 369.787163 2.197666E+0 369.798057 2.343893E+0 369.808950 2.501590E+0
 369.819844 2.671493E+0 369.830738 2.854326E+0 369.841632 3.050861E+0
 369.852525 3.261883E+0 369.863419 3.488268E+0 369.877944 3.815489E+0
 369.888838 4.081130E+0 369.899732 4.365157E+0 369.910625 4.668525E+0
 369.924243 5.076583E+0 369.937860 5.518537E+0 369.953293 6.063154E+0
 369.966003 6.548758E+0 369.977804 7.031367E+0 369.994144 7.752989E+0
 370.007761 8.404453E+0 370.021379 9.104176E+0 370.037266 9.984822E+0
 370.054060 1.099544E+1 370.067677 1.187834E+1 370.079479 1.269177E+1
 370.094912 1.382604E+1 370.112160 1.519280E+1 370.126685 1.642877E+1
 370.143025 1.791627E+1 370.159366 1.951097E+1 370.178612 2.153243E+1
 370.192410 2.308063E+1 370.207662 2.489136E+1 370.222913 2.680923E+1
 370.239617 2.903619E+1 370.256320 3.139828E+1 370.276655 3.446068E+1
 370.296990 3.773188E+1 370.317325 4.121478E+1 370.337660 4.491089E+1
 370.360900 4.939596E+1 370.384140 5.415666E+1 370.407380 5.918715E+1
 370.430620 6.447827E+1 370.456765 7.072641E+1 370.495983 8.063384E+1
 370.535200 9.108779E+1 370.600563 1.093473E+2 370.686260 1.336523E+2
 370.732740 1.463032E+2 370.773410 1.566800E+2 370.814080 1.661434E+2
 370.846035 1.727800E+2 370.888158 1.802583E+2 370.924470 1.853974E+2
 370.958168 1.889824E+2 370.993028 1.914223E+2 371.030212 1.925563E+2
 371.039508 1.926005E+2 371.069720 1.920858E+2 371.098770 1.906546E+2
 371.127820 1.883342E+2 371.162680 1.844354E+2 371.203350 1.784720E+2
 371.246925 1.705948E+2 371.290500 1.614391E+2 371.342790 1.491752E+2
 371.409605 1.322610E+2 371.511280 1.060043E+2 371.554855 9.521722E+1
 371.598430 8.498245E+1 371.640916 7.566259E+1 371.667788 7.014441E+1
 371.694659 6.493601E+1 371.721530 6.004592E+1 371.748401 5.547802E+1
 371.775273 5.123163E+1 371.802144 4.730266E+1 371.829015 4.368324E+1
 371.851529 4.088142E+1 371.878763 3.776213E+1 371.905997 3.492429E+1
 371.933232 3.235156E+1 371.960466 3.002693E+1 371.987700 2.793258E+1
 372.014935 2.605058E+1 372.042169 2.436339E+1 372.069404 2.285361E+1
 372.096638 2.150476E+1 372.123872 2.030098E+1 372.151107 1.922737E+1
 372.178341 1.827016E+1 372.205575 1.741650E+1 372.232810 1.665465E+1
 372.260044 1.597400E+1 372.296357 1.517623E+1 372.332669 1.448569E+1
 372.368982 1.388512E+1 372.405294 1.335995E+1 372.450685 1.279097E+1
 372.505154 1.221117E+1 372.559623 1.171922E+1 372.614091 1.129546E+1
 372.668560 1.092527E+1 372.750263 1.044744E+1 372.831966 1.004058E+1
 372.931825 9.615448E+0 373.040763 9.220405E+0 373.149700 8.880603E+0
 373.294950 8.493909E+0 373.440200 8.166225E+0 373.585450 7.884594E+0
 373.730700 7.639717E+0 373.948575 7.326698E+0 374.151925 7.080583E+0
 374.413375 6.813989E+0 374.674825 6.590549E+0 374.936275 6.400407E+0
 375.212250 6.228093E+0 375.648000 6.001541E+0 376.083750 5.816848E+0
 376.592125 5.640033E+0 376.955250 5.533152E+0 377.681500 5.355358E+0
 378.487638 5.199077E+0 379.293775 5.073056E+0 380.407508 4.933607E+0
 381.560123 4.818788E+0 382.884952 4.712307E+0 384.381995 4.614596E+0
 386.742716 4.492764E+0 388.354916 4.424967E+0 392.039944 4.299625E+0
 395.724973 4.200075E+0 401.252516 4.078383E+0 409.543830 3.929335E+0
 422.441430 3.733990E+0 458.032718 3.242712E+0 470.705156 3.049660E+0
 479.153449 2.903918E+0 486.017688 2.767826E+0 490.769852 2.658361E+0
 494.993999 2.544358E+0 497.766095 2.456697E+0 500.538191 2.353405E+0
 502.386254 2.272082E+0 504.102314 2.183789E+0 505.389359 2.106571E+0
 506.482580 2.030877E+0 507.478891 1.951336E+0 508.475200 1.858544E+0
 509.224450 1.777367E+0 509.973700 1.683399E+0 510.473200 1.611829E+0
 510.972700 1.531386E+0 511.472200 1.440122E+0 511.805200 1.372062E+0
 512.138200 1.297183E+0 512.471200 1.214397E+0 512.720950 1.146361E+0
 512.970700 1.072561E+0 513.237100 9.867491E-1 513.436900 9.171065E-1
 513.636700 8.425845E-1 513.836500 7.629677E-1 514.003000 6.927221E-1
 514.202800 6.041139E-1 514.594075 4.236517E-1 514.677325 3.868140E-1
 514.739763 3.607106E-1 514.802200 3.367107E-1 514.852150 3.197216E-1
 514.889613 3.087450E-1 514.927075 2.997312E-1 514.952050 2.950623E-1
 514.977025 2.916772E-1 515.007204 2.896092E-1 515.017610 2.894829E-1
 515.043625 2.906764E-1 515.064438 2.933782E-1 515.085250 2.978622E-1
 515.106063 3.043708E-1 515.126875 3.131769E-1 515.142485 3.214744E-1
 515.158094 3.313819E-1 515.174744 3.439040E-1 515.193475 3.606607E-1
 515.205963 3.735589E-1 515.218450 3.879615E-1 515.230938 4.039855E-1
 515.243425 4.217518E-1 515.255913 4.413951E-1 515.272563 4.707478E-1
 515.285050 4.953310E-1 515.297538 5.223011E-1 515.310025 5.518294E-1
 515.322513 5.841085E-1 515.335000 6.193330E-1 515.349569 6.644416E-1
 515.364138 7.142154E-1 515.378707 7.690433E-1 515.393275 8.293381E-1
 515.408885 9.005256E-1 515.424494 9.790931E-1 515.434900 1.035885E+0
 515.449469 1.121765E+0 515.464038 1.215599E+0 515.476526 1.302827E+0
 515.489013 1.396755E+0 515.504622 1.524260E+0 515.517110 1.634907E+0
 515.530638 1.764038E+0 515.542085 1.881305E+0 515.557694 2.053813E+0
 515.573824 2.248435E+0 515.585791 2.404319E+0 515.601400 2.623372E+0
 515.618051 2.878023E+0 515.631579 3.101970E+0 515.647188 3.380672E+0
 515.660716 3.640920E+0 515.676325 3.964179E+0 515.688813 4.241572E+0
 515.701300 4.536566E+0 515.715869 4.904221E+0 515.730438 5.298566E+0
 515.744487 5.705546E+0 515.758535 6.140153E+0 515.773104 6.621655E+0
 515.788713 7.174185E+0 515.804322 7.766709E+0 515.822013 8.489370E+0
 515.840744 9.317173E+0 515.859475 1.021330E+1 515.878207 1.118184E+1
 515.896938 1.222678E+1 515.916710 1.341729E+1 515.938563 1.484345E+1
 515.960416 1.639183E+1 515.976025 1.757624E+1 515.992675 1.891465E+1
 516.009325 2.033322E+1 516.025975 2.183462E+1 516.043042 2.346230E+1
 516.060524 2.522536E+1 516.086748 2.805761E+1 516.112972 3.112205E+1
 516.139195 3.442539E+1 516.165419 3.797321E+1 516.194140 4.214342E+1
 516.224110 4.681421E+1 516.254080 5.180960E+1 516.284050 5.712403E+1
 516.314020 6.274739E+1 516.353980 7.069925E+1 516.393940 7.912372E+1
 516.443890 9.021667E+1 516.510490 1.057020E+2 516.627040 1.332462E+2
 516.686980 1.467336E+2 516.740260 1.578098E+2 516.786880 1.665155E+2
 516.826840 1.730733E+2 516.875125 1.797016E+2 516.916750 1.841471E+2
 516.956044 1.871789E+2 517.000266 1.891708E+2 517.032967 1.896532E+2
 517.076590 1.889812E+2 517.109890 1.874717E+2 517.155678 1.840405E+2
 517.193140 1.801322E+2 517.238095 1.742474E+2 517.286380 1.666458E+2
 517.319680 1.607427E+2 517.372960 1.503974E+2 517.442890 1.356351E+2
 517.592740 1.026732E+2 517.642690 9.211899E+1 517.692640 8.208436E+1
 517.732600 7.451699E+1 517.772560 6.741106E+1 517.812520 6.079901E+1
 517.839160 5.667508E+1 517.865800 5.278158E+1 517.892440 4.911864E+1
 517.926157 4.481006E+1 517.956751 4.121086E+1 517.987345 3.789795E+1
 518.017940 3.486037E+1 518.048534 3.208570E+1 518.079129 2.955983E+1
 518.109723 2.726807E+1 518.140317 2.519491E+1 518.170912 2.332460E+1
 518.201506 2.164158E+1 518.232100 2.013035E+1 518.263319 1.874980E+1
 518.294538 1.751724E+1 518.325757 1.641817E+1 518.356975 1.543898E+1
 518.388194 1.456691E+1 518.419413 1.379028E+1 518.450632 1.309833E+1
 518.481850 1.248129E+1 518.513069 1.193030E+1 518.544288 1.143743E+1
 518.578629 1.095396E+1 518.619213 1.045087E+1 518.659797 1.001056E+1
 518.700382 9.622989E+0 518.754494 9.173934E+0 518.808607 8.787613E+0
 518.862719 8.451394E+0 518.916832 8.155456E+0 518.998000 7.770993E+0
 519.081250 7.433929E+0 519.164500 7.141205E+0 519.247750 6.883304E+0
 519.372625 6.547543E+0 519.497500 6.259758E+0 519.622375 6.009554E+0
 519.747250 5.789595E+0 519.913750 5.534199E+0 520.080250 5.313615E+0
 520.246750 5.120967E+0 520.463200 4.903980E+0 520.596400 4.785905E+0
 520.862800 4.578231E+0 521.129200 4.401190E+0 521.395600 4.248212E+0
 521.728600 4.083646E+0 522.061600 3.942446E+0 522.394600 3.819687E+0
 522.919075 3.655263E+0 523.493500 3.505787E+0 524.067925 3.379875E+0
 524.842150 3.237284E+0 525.716275 3.103212E+0 526.590400 2.989293E+0
 527.514025 2.884590E+0 528.899463 2.748400E+0 530.284900 2.628584E+0
 532.818288 2.432728E+0 537.281875 2.103915E+0 539.036938 1.964737E+0
 540.353235 1.851662E+0 541.624500 1.732445E+0 542.873250 1.602510E+0
 543.705750 1.506923E+0 544.399500 1.420595E+0 545.232000 1.307444E+0
 545.787000 1.225297E+0 546.342000 1.136995E+0 546.897000 1.041791E+0
 547.313250 9.653926E-1 547.729500 8.843600E-1 548.145750 7.984225E-1
 548.562000 7.074164E-1 548.936625 6.212026E-1 549.311250 5.311856E-1
 549.769125 4.171051E-1 550.310250 2.807618E-1 550.504500 2.332889E-1
 550.643250 2.006050E-1 550.740375 1.786022E-1 550.844438 1.560705E-1
 550.931157 1.383126E-1 551.004000 1.242578E-1 551.059500 1.141613E-1
 551.115000 1.046639E-1 551.170500 9.583619E-2 551.222532 8.823735E-2
 551.257219 8.357122E-2 551.291907 7.925092E-2 551.337000 7.419196E-2
 551.378625 7.012703E-2 551.406375 6.776446E-2 551.441063 6.522919E-2
 551.472282 6.336934E-2 551.503500 6.193510E-2 551.529516 6.108405E-2
 551.555532 6.056326E-2 551.581981 6.039002E-2 551.609298 6.060820E-2
 551.630110 6.105871E-2 551.656125 6.198472E-2 551.683875 6.343917E-2
 551.708157 6.512780E-2 551.732438 6.722456E-2 551.756720 6.974975E-2
 551.782302 7.289683E-2 551.807450 7.650221E-2 551.833032 8.071760E-2
 551.857313 8.525604E-2 551.881594 9.034476E-2 551.902407 9.516577E-2
 551.926688 1.013517E-1 551.952704 1.086842E-1 551.971782 1.145474E-1
 551.992594 1.214343E-1 552.016875 1.301464E-1 552.044625 1.410432E-1
 552.072375 1.530009E-1 552.100125 1.660848E-1 552.122672 1.775928E-1
 552.148688 1.919043E-1 552.174704 2.073853E-1 552.204188 2.264318E-1
 552.235407 2.484560E-1 552.266625 2.725281E-1 552.290907 2.927665E-1
 552.315188 3.144147E-1 552.339469 3.375579E-1 552.363750 3.622866E-1
 552.391500 3.926151E-1 552.419250 4.253000E-1 552.447000 4.605138E-1
 552.474750 4.984454E-1 552.500766 5.366596E-1 552.526782 5.776324E-1
 552.552797 6.215679E-1 552.578813 6.686956E-1 552.604829 7.192634E-1
 552.630844 7.735446E-1 552.656860 8.318483E-1 552.682875 8.945088E-1
 552.708891 9.619079E-1 552.734907 1.034464E+0 552.762657 1.118069E+0
 552.793875 1.220578E+0 552.825094 1.333050E+0 552.856313 1.456681E+0
 552.887532 1.592856E+0 552.908344 1.691387E+0 552.929157 1.796739E+0
 552.949969 1.909495E+0 552.970782 2.030315E+0 552.991594 2.159909E+0
 553.012407 2.299083E+0 553.033219 2.448701E+0 553.054032 2.609747E+0
 553.074844 2.783273E+0 553.095657 2.970475E+0 553.116469 3.172637E+0
 553.137282 3.391210E+0 553.158094 3.627752E+0 553.178907 3.884023E+0
 553.199719 4.161908E+0 553.220532 4.463530E+0 553.241344 4.791160E+0
 553.262157 5.147351E+0 553.282969 5.534825E+0 553.303782 5.956633E+0
 553.324594 6.416018E+0 553.345407 6.916605E+0 553.366219 7.462236E+0
 553.387032 8.057184E+0 553.407844 8.705967E+0 553.429697 9.450585E+0
 553.446868 1.008517E+1 553.464038 1.076677E+1 553.481209 1.149886E+1
 553.498379 1.228499E+1 553.515549 1.312899E+1 553.532719 1.403492E+1
 553.549890 1.500706E+1 553.567060 1.604978E+1 553.584231 1.716787E+1
 553.601400 1.836606E+1 553.623600 2.004266E+1 553.645800 2.187363E+1
 553.668000 2.387123E+1 553.690200 2.604833E+1 553.712400 2.841833E+1
 553.734600 3.099518E+1 553.756800 3.379334E+1 553.779000 3.682764E+1
 553.798425 3.968834E+1 553.817850 4.275186E+1 553.837275 4.602872E+1
 553.856700 4.952945E+1 553.876125 5.326464E+1 553.895550 5.724477E+1
 553.914975 6.148024E+1 553.934400 6.598122E+1 553.953825 7.075760E+1
 553.982963 7.845938E+1 554.012100 8.683193E+1 554.041238 9.590283E+1
 554.070375 1.056946E+2 554.098125 1.157078E+2 554.123100 1.253029E+2
 554.156400 1.389640E+2 554.189700 1.536168E+2 554.223000 1.692486E+2
 554.253525 1.844149E+2 554.299313 2.085898E+2 554.345100 2.343268E+2
 554.400600 2.672925E+2 554.481075 3.174791E+2 554.594850 3.894267E+2
 554.667000 4.326924E+2 554.715563 4.595431E+2 554.761350 4.825380E+2
 554.802975 5.010673E+2 554.841825 5.160145E+2 554.889000 5.307689E+2
 554.930070 5.403266E+2 554.971140 5.466437E+2 555.013043 5.496377E+2
 555.022200 5.498221E+2 555.059940 5.488035E+2 555.098790 5.447947E+2
 555.135975 5.382214E+2 555.177600 5.278347E+2 555.219225 5.144621E+2
 555.271950 4.936678E+2 555.310800 4.759389E+2 555.355200 4.535884E+2
 555.399600 4.294470E+2 555.482850 3.809775E+2 555.627150 2.945628E+2
 555.690975 2.581601E+2 555.740925 2.312587E+2 555.778388 2.121878E+2
 555.815850 1.941621E+2 555.853313 1.772406E+2 555.893550 1.603371E+2
 555.921300 1.494557E+2 555.949050 1.392069E+2 555.976800 1.295840E+2
 556.004550 1.205757E+2 556.032300 1.121667E+2 556.060050 1.043385E+2
 556.087800 9.706954E+1 556.119019 8.953111E+1 556.150238 8.263465E+1
 556.181457 7.634219E+1 556.212675 7.061491E+1 556.243894 6.541304E+1
 556.275113 6.069761E+1 556.306332 5.643020E+1 556.337550 5.257364E+1
 556.368769 4.909193E+1 556.399988 4.595116E+1 556.420800 4.403086E+1
 556.449938 4.155582E+1 556.479075 3.930896E+1 556.508213 3.726843E+1
 556.537350 3.541433E+1 556.566488 3.372808E+1 556.595625 3.219291E+1
 556.624763 3.079331E+1 556.668469 2.891801E+1 556.712175 2.727506E+1
 556.755882 2.582888E+1 556.799588 2.454939E+1 556.843294 2.341116E+1
 556.887000 2.239287E+1 556.939032 2.131250E+1 556.991063 2.035240E+1
 557.025750 1.976918E+1 557.095125 1.871754E+1 557.164500 1.779364E+1
 557.233875 1.697369E+1 557.303250 1.623959E+1 557.372625 1.557744E+1
 557.476688 1.469603E+1 557.580750 1.392486E+1 557.684813 1.324363E+1
 557.788875 1.263707E+1 557.858250 1.226821E+1 557.997000 1.160298E+1
 558.135750 1.101945E+1 558.274500 1.050340E+1 558.413250 1.004376E+1
 558.552000 9.631778E+0 558.760125 9.088161E+0 558.968250 8.617841E+0
 559.176375 8.207019E+0 559.384500 7.845143E+0 559.592625 7.524003E+0
 559.800750 7.237114E+0 560.078250 6.899058E+0 560.397375 6.561902E+0
 560.758125 6.234162E+0 561.118875 5.951711E+0 561.479625 5.705598E+0
 561.937500 5.435167E+0 562.353750 5.222227E+0 562.770000 5.034726E+0
 563.325000 4.816835E+0 563.880000 4.628546E+0 564.588376 4.422016E+0
 565.296751 4.245235E+0 566.005126 4.091881E+0 566.713501 3.957275E+0
 567.556351 3.816709E+0 568.820626 3.637006E+0 570.084900 3.485446E+0
 571.465800 3.343779E+0 572.846700 3.221039E+0 574.802975 3.071299E+0
 576.874325 2.935429E+0 578.830600 2.822457E+0 581.592400 2.681558E+0
 584.354200 2.556310E+0 587.116000 2.442162E+0 590.798400 2.302169E+0
 596.322000 2.108605E+0 603.686800 1.867174E+0 622.098800 1.280151E+0
 631.304800 9.778020E-1 645.113800 5.148597E-1 648.335900 4.096356E-1
 650.637400 3.368308E-1 652.478600 2.804717E-1 653.859500 2.398618E-1
 655.010250 2.072700E-1 656.161000 1.760112E-1 657.081600 1.520753E-1
 657.944663 1.306391E-1 658.663882 1.136255E-1 659.239257 1.006082E-1
 659.843400 8.755193E-2 660.418775 7.574174E-2 660.879075 6.675886E-2
 661.310607 5.873537E-2 661.742138 5.112320E-2 662.087363 4.534674E-2
 662.432588 3.986071E-2 662.720275 3.551873E-2 663.007963 3.139277E-2
 663.295650 2.749007E-2 663.525800 2.453366E-2 663.777528 2.147397E-2
 663.978909 1.916077E-2 664.180290 1.697053E-2 664.367286 1.504962E-2
 664.547091 1.330752E-2 664.690935 1.198942E-2 664.834779 1.073974E-2
 664.964238 9.674474E-3 665.108082 8.557957E-3 665.223157 7.716387E-3
 665.338232 6.921399E-3 665.453307 6.173638E-3 665.539613 5.644205E-3
 665.647496 5.020712E-3 665.748186 4.477642E-3 665.820108 4.112958E-3
 665.892030 3.767816E-3 665.963952 3.442387E-3 666.035874 3.136840E-3
 666.107796 2.851345E-3 666.179718 2.586074E-3 666.233660 2.400496E-3
 666.287600 2.226473E-3 666.345138 2.053652E-3 666.402675 1.894149E-3
 666.460213 1.748048E-3 666.503366 1.647326E-3 666.542923 1.561700E-3
 666.593269 1.462043E-3 666.643614 1.372886E-3 666.693960 1.294289E-3
 666.737113 1.235377E-3 666.773074 1.192275E-3 666.809035 1.154646E-3
 666.844996 1.122514E-3 666.880957 1.095901E-3 666.916918 1.074831E-3
 666.952879 1.059329E-3 666.988839 1.049418E-3 667.028396 1.045002E-3
 667.033791 1.044928E-3 667.065257 1.047031E-3 667.111107 1.057867E-3
 667.156957 1.077966E-3 667.202807 1.107377E-3 667.248658 1.146154E-3
 667.294507 1.194346E-3 667.332267 1.241141E-3 667.370026 1.294386E-3
 667.407785 1.354109E-3 667.445543 1.420339E-3 667.495888 1.518823E-3
 667.546234 1.629002E-3 667.596579 1.750942E-3 667.646924 1.884717E-3
 667.697269 2.030398E-3 667.745817 2.182222E-3 667.794364 2.345247E-3
 667.826729 2.460187E-3 667.891459 2.705169E-3 667.956188 2.970415E-3
 668.010130 3.207054E-3 668.082052 3.544794E-3 668.153974 3.908136E-3
 668.207915 4.197574E-3 668.287029 4.648561E-3 668.373335 5.176768E-3
 668.459641 5.743157E-3 668.545947 6.348124E-3 668.646638 7.103215E-3
 668.732944 7.793144E-3 668.819250 8.522926E-3 668.934325 9.558675E-3
 669.049400 1.066698E-2 669.164475 1.184885E-2 669.279550 1.310527E-2
 669.394625 1.443729E-2 669.509700 1.584596E-2 669.653544 1.771621E-2
 669.797388 1.971004E-2 669.941232 2.182965E-2 670.085075 2.407726E-2
 670.257688 2.694666E-2 670.430300 3.000780E-2 670.602913 3.326494E-2
 670.775525 3.672234E-2 670.976907 4.101493E-2 671.178288 4.559283E-2
 671.379669 5.046283E-2 671.581050 5.563166E-2 671.811200 6.191377E-2
 672.041350 6.860636E-2 672.271500 7.572126E-2 672.501650 8.327090E-2
 672.717416 9.075497E-2 673.005104 1.013644E-1 673.292791 1.127186E-1
 673.580479 1.248448E-1 673.825013 1.357800E-1 674.083932 1.480085E-1
 674.342850 1.609272E-1 674.688075 1.792654E-1 675.033300 1.989276E-1
 675.335373 2.172646E-1 675.637444 2.367018E-1 675.939516 2.572826E-1
 676.342279 2.865808E-1 676.644350 3.100087E-1 677.032729 3.420519E-1
 677.421107 3.763669E-1 677.809485 4.130863E-1 678.197863 4.523417E-1
 678.586241 4.942428E-1 679.003388 5.423212E-1 679.434919 5.955967E-1
 679.866450 6.527037E-1 680.297982 7.138838E-1 680.729513 7.793864E-1
 681.161044 8.494766E-1 681.592575 9.244379E-1 682.024107 1.004574E+0
 682.455638 1.090210E+0 682.887169 1.181695E+0 683.318700 1.279402E+0
 683.750232 1.383736E+0 684.181763 1.495126E+0 684.613294 1.614040E+0
 685.044825 1.740976E+0 685.476357 1.876476E+0 685.965425 2.041131E+0
 686.483263 2.229299E+0 687.001100 2.432867E+0 687.518938 2.653148E+0
 688.036775 2.891590E+0 688.543105 3.143825E+0 689.026420 3.403719E+0
 689.509735 3.683858E+0 689.993050 3.985937E+0 690.476365 4.312015E+0
 690.959680 4.664292E+0 691.442995 5.044650E+0 691.926310 5.455716E+0
 692.409625 5.900889E+0 692.892940 6.383268E+0 693.376255 6.906211E+0
 693.859570 7.473690E+0 694.342885 8.090166E+0 694.826200 8.760627E+0
 695.309515 9.490676E+0 695.792830 1.028662E+1 696.276145 1.115560E+1
 696.759460 1.210568E+1 697.242775 1.314603E+1 697.726090 1.428711E+1
 698.209405 1.554086E+1 698.692720 1.692096E+1 699.176035 1.844317E+1
 699.659350 2.012565E+1 699.981560 2.134662E+1 700.303770 2.265518E+1
 700.625980 2.405918E+1 700.948190 2.556729E+1 701.270400 2.718920E+1
 701.684670 2.945923E+1 702.098940 3.196140E+1 702.513210 3.472585E+1
 702.927480 3.778753E+1 703.203660 4.001337E+1 703.594915 4.344931E+1
 703.940140 4.678736E+1 704.285365 5.044999E+1 704.630590 5.448043E+1
 704.975815 5.892813E+1 705.321040 6.384851E+1 705.631743 6.873344E+1
 705.942445 7.410690E+1 706.253148 8.003210E+1 706.563850 8.658261E+1
 706.874553 9.384449E+1 707.162240 1.012901E+2 707.438420 1.091796E+2
 707.714600 1.178934E+2 707.990780 1.275440E+2 708.266960 1.382630E+2
 708.531633 1.496809E+2 708.773290 1.612224E+2 709.014948 1.739763E+2
 709.256605 1.881085E+2 709.498263 2.038137E+2 709.659368 2.152686E+2
 709.820473 2.276004E+2 709.981578 2.408955E+2 710.142683 2.552504E+2
 710.303788 2.707731E+2 710.464893 2.875849E+2 710.625998 3.058220E+2
 710.787103 3.256382E+2 710.948208 3.472071E+2 711.092052 3.681064E+2
 711.281925 3.983439E+2 711.471799 4.319836E+2 711.598382 4.565356E+2
 711.724964 4.829739E+2 711.851547 5.114767E+2 711.978129 5.422390E+2
 712.098958 5.739085E+2 712.271570 6.234707E+2 712.386645 6.596258E+2
 712.501720 6.985217E+2 712.616795 7.403912E+2 712.731870 7.854837E+2
 712.846945 8.340643E+2 712.962020 8.864124E+2 713.117372 9.635758E+2
 713.272723 1.048872E+3 713.428074 1.143032E+3 713.583425 1.246744E+3
 713.738777 1.360590E+3 713.882620 1.475387E+3 714.020710 1.594184E+3
 714.158800 1.721235E+3 714.342920 1.902580E+3 714.527040 2.095402E+3
 714.996546 2.608266E+3 715.153048 2.771718E+3 715.337168 2.947614E+3
 715.475258 3.062602E+3 715.613348 3.158897E+3 715.751438 3.233213E+3
 715.889528 3.282961E+3 716.029459 3.306585E+3 716.073648 3.308306E+3
 716.211738 3.295965E+3 716.349828 3.257529E+3 716.487918 3.194784E+3
 716.626008 3.110367E+3 716.764098 3.007542E+3 716.957424 2.839640E+3
 717.178368 2.625548E+3 717.601844 2.197173E+3 717.855009 1.953757E+3
 718.057541 1.773534E+3 718.209440 1.648277E+3 718.382053 1.516713E+3
 718.554665 1.396542E+3 718.727278 1.287328E+3 718.899890 1.188406E+3
 719.072503 1.098985E+3 719.245115 1.018228E+3 719.417728 9.453045E+2
 719.590340 8.794203E+2 719.762953 8.198345E+2 719.935565 7.658702E+2
 720.131193 7.107350E+2 720.292298 6.695983E+2 720.453403 6.318954E+2
 720.614508 5.972778E+2 720.775613 5.654365E+2 720.936718 5.360973E+2
 721.097823 5.090171E+2 721.339480 4.721659E+2 721.546615 4.437590E+2
 721.753750 4.179262E+2 721.960885 3.943728E+2 722.168020 3.728434E+2
 722.375155 3.531160E+2 722.582290 3.349971E+2 722.789425 3.183181E+2
 722.996560 3.029313E+2 723.226710 2.871932E+2 723.456860 2.727354E+2
 723.687010 2.594227E+2 724.032235 2.413463E+2 724.377460 2.252459E+2
 724.722685 2.108434E+2 724.998865 2.003884E+2 725.321075 1.892447E+2
 725.643285 1.791032E+2 725.965495 1.698413E+2 726.287705 1.613546E+2
 726.609915 1.535568E+2 727.093230 1.429966E+2 727.415440 1.366249E+2
 727.875740 1.283300E+2 728.336040 1.208680E+2 728.796340 1.141287E+2
 729.256640 1.080195E+2 729.716940 1.024622E+2 730.177240 9.739054E+1
 730.637540 9.274807E+1 731.327990 8.648488E+1 732.018440 8.094343E+1
 732.708890 7.601366E+1 733.399340 7.160595E+1 734.089790 6.764669E+1
 734.780240 6.407529E+1 735.539735 6.053784E+1 736.299230 5.735644E+1
 737.058725 5.447267E+1 737.818220 5.185082E+1 738.830880 4.871124E+1
 739.728465 4.621952E+1 740.626050 4.396969E+1 741.822830 4.129382E+1
 743.019610 3.892259E+1 744.193375 3.684810E+1 745.344125 3.502280E+1
 746.494875 3.337536E+1 747.645625 3.188222E+1 749.371750 2.988954E+1
 751.097875 2.814641E+1 752.824000 2.661058E+1 754.550125 2.524861E+1
 756.276250 2.403367E+1 758.002375 2.294407E+1 759.728500 2.196205E+1
 762.030000 2.079513E+1 764.331500 1.976570E+1 766.633000 1.885164E+1
 768.934500 1.803828E+1 771.236000 1.730391E+1 773.997800 1.651732E+1
 776.759600 1.581607E+1 779.521400 1.518924E+1 783.664100 1.436279E+1
 787.806800 1.364952E+1 791.949500 1.302833E+1 796.092200 1.248251E+1
 798.854000 1.215385E+1 804.377600 1.156835E+1 809.901200 1.106217E+1
 815.424800 1.062032E+1 822.789600 1.011239E+1 830.154400 9.677583E+0
 837.519200 9.301614E+0 844.884000 8.973254E+0 855.931200 8.551782E+0
 866.978400 8.197272E+0 878.025600 7.894714E+0 889.072800 7.633250E+0
 901.040600 7.387361E+0 916.690800 7.111333E+0 936.023400 6.826421E+0
 959.038400 6.546197E+0 984.815200 6.289002E+0 1013.30088 6.053884E+0
 1043.52192 5.845929E+0 1083.81663 5.614994E+0 1134.18502 5.375274E+0
 1255.06916 4.874843E+0 1284.03099 4.727068E+0 1302.91913 4.600783E+0
 1313.62242 4.507319E+0 1323.06649 4.400303E+0 1329.49303 4.305360E+0
 1335.35520 4.192810E+0 1339.75184 4.082165E+0 1342.63914 3.990700E+0
 1345.48265 3.879096E+0 1348.00562 3.754261E+0 1349.65744 3.653790E+0
 1351.30925 3.532781E+0 1352.79738 3.399850E+0 1353.91347 3.280158E+0
 1354.88075 3.158137E+0 1355.77363 3.026152E+0 1356.36888 2.925285E+0
 1356.93437 2.817829E+0 1357.47009 2.703594E+0 1358.00582 2.574929E+0
 1358.54154 2.428960E+0 1358.95822 2.301164E+0 1359.40465 2.147836E+0
 1359.70228 2.034762E+0 1359.99990 1.911880E+0 1360.29753 1.778179E+0
 1360.59515 1.632765E+0 1360.89278 1.475145E+0 1361.19040 1.306201E+0
 1361.59220 1.071117E+0 1361.72613 9.986221E-1 1361.81542 9.557328E-1
 1361.88238 9.281703E-1 1361.93075 9.116168E-1 1361.98283 8.978239E-1
 1362.03492 8.892311E-1 1362.07398 8.869514E-1 1362.11304 8.889275E-1
 1362.15211 8.958795E-1 1362.19117 9.086249E-1 1362.23024 9.281078E-1
 1362.26930 9.553847E-1 1362.29534 9.784929E-1 1362.32138 1.005999E+0
 1362.34929 1.040853E+0 1362.37719 1.081816E+0 1362.40509 1.129524E+0
 1362.43299 1.184657E+0 1362.46089 1.247952E+0 1362.48880 1.320235E+0
 1362.51670 1.402315E+0 1362.54460 1.495145E+0 1362.57250 1.599727E+0
 1362.60040 1.717133E+0 1362.61900 1.803096E+0 1362.64133 1.915011E+0
 1362.66365 2.036999E+0 1362.68597 2.169799E+0 1362.70829 2.314138E+0
 1362.73062 2.470852E+0 1362.75294 2.640602E+0 1362.77526 2.824297E+0
 1362.79758 3.022814E+0 1362.81991 3.237171E+0 1362.84223 3.468135E+0
 1362.86455 3.716795E+0 1362.88687 3.984190E+0 1362.90919 4.271397E+0
 1362.92780 4.526816E+0 1362.95012 4.853284E+0 1362.97244 5.202832E+0
 1362.99476 5.576685E+0 1363.02080 6.045252E+0 1363.05056 6.626024E+0
 1363.07661 7.176420E+0 1363.09893 7.680957E+0 1363.12869 8.403538E+0
 1363.14729 8.885462E+0 1363.17705 9.707504E+0 1363.20309 1.048065E+1
 1363.23658 1.155289E+1 1363.26727 1.261647E+1 1363.29238 1.354712E+1
 1363.32549 1.486130E+1 1363.36307 1.647852E+1 1363.38985 1.771614E+1
 1363.42111 1.925415E+1 1363.45831 2.122037E+1 1363.48956 2.299040E+1
 1363.52378 2.505668E+1 1363.56248 2.755949E+1 1363.60712 3.067141E+1
 1363.64284 3.333897E+1 1363.67855 3.616597E+1 1363.71427 3.915540E+1
 1363.74998 4.230605E+1 1363.79165 4.618660E+1 1363.83331 5.028320E+1
 1363.89582 5.682564E+1 1363.96427 6.450491E+1 1364.03570 7.303731E+1
 1364.10713 8.201971E+1 1364.22618 9.770164E+1 1364.39285 1.200921E+2
 1364.47618 1.309144E+2 1364.55952 1.411196E+2 1364.63095 1.491612E+2
 1364.69643 1.558078E+2 1364.75595 1.611425E+2 1364.83333 1.669352E+2
 1364.90000 1.707859E+2 1364.96667 1.735045E+2 1365.03810 1.751072E+2
 1365.08572 1.754092E+2 1365.13691 1.750501E+2 1365.19644 1.737553E+2
 1365.25596 1.715472E+2 1365.32293 1.680284E+2 1365.40478 1.623636E+2
 1365.46430 1.574052E+2 1365.55359 1.488495E+2 1365.63395 1.402337E+2
 1365.73514 1.285330E+2 1365.99407 9.729235E+1 1366.08336 8.697596E+1
 1366.17265 7.723571E+1 1366.23217 7.113328E+1 1366.28723 6.579703E+1
 1366.33783 6.116917E+1 1366.38843 5.681394E+1 1366.43903 5.273508E+1
 1366.48962 4.893338E+1 1366.54022 4.540416E+1 1366.59081 4.214280E+1
 1366.64141 3.913964E+1 1366.68531 3.673593E+1 1366.74111 3.393855E+1
 1366.79692 3.141332E+1 1366.85273 2.914231E+1 1366.90853 2.710677E+1
 1366.96433 2.528702E+1 1367.02014 2.366373E+1 1367.07594 2.221894E+1
 1367.13175 2.093439E+1 1367.18755 1.979375E+1 1367.24335 1.878110E+1
 1367.29916 1.788179E+1 1367.35497 1.708271E+1 1367.41077 1.637194E+1
 1367.48518 1.554267E+1 1367.55958 1.482851E+1 1367.63399 1.421008E+1
 1367.70839 1.367137E+1 1367.78280 1.319877E+1 1367.85720 1.278126E+1
 1367.96137 1.227202E+1 1368.06554 1.183311E+1 1368.16971 1.144964E+1
 1368.32597 1.095482E+1 1368.48222 1.053375E+1 1368.63847 1.016880E+1
 1368.83937 9.763180E+0 1369.06259 9.377573E+0 1369.28580 9.045323E+0
 1369.58343 8.666766E+0 1369.88105 8.345690E+0 1370.17868 8.069494E+0
 1370.62512 7.720201E+0 1371.07155 7.430529E+0 1371.57752 7.156206E+0
 1372.08348 6.925487E+0 1372.58944 6.728337E+0 1373.39303 6.467366E+0
 1374.28590 6.232640E+0 1375.17878 6.039656E+0 1376.19070 5.857449E+0
 1377.61930 5.646932E+0 1378.86933 5.494128E+0 1380.47650 5.327078E+0
 1382.61940 5.137948E+0 1385.38433 4.925771E+0 1390.55143 4.549205E+0
 1392.95360 4.352403E+0 1394.71685 4.184704E+0 1396.03929 4.038447E+0
 1397.06785 3.907573E+0 1397.94948 3.779535E+0 1398.83110 3.632537E+0
 1399.71273 3.460910E+0 1400.30048 3.329008E+0 1400.88823 3.179546E+0
 1401.35843 3.044638E+0 1401.88740 2.873017E+0 1402.24005 2.744692E+0
 1402.59270 2.603268E+0 1402.88658 2.473975E+0 1403.18045 2.332920E+0
 1403.47433 2.178730E+0 1403.76820 2.010136E+0 1404.03269 1.845484E+0
 1404.29718 1.669537E+0 1404.62779 1.443016E+0 1404.76003 1.357823E+0
 1404.85922 1.300855E+0 1404.92534 1.268399E+0 1404.99146 1.242302E+0
 1405.05758 1.224754E+0 1405.10718 1.218848E+0 1405.12371 1.218533E+0
 1405.17330 1.223374E+0 1405.20636 1.232096E+0 1405.23942 1.245911E+0
 1405.27248 1.265494E+0 1405.30554 1.291593E+0 1405.33860 1.325036E+0
 1405.36616 1.359187E+0 1405.39922 1.408544E+0 1405.43228 1.468087E+0
 1405.46534 1.539016E+0 1405.49840 1.622645E+0 1405.53146 1.720407E+0
 1405.55350 1.794199E+0 1405.57554 1.875460E+0 1405.59758 1.964713E+0
 1405.61962 2.062512E+0 1405.64166 2.169437E+0 1405.66370 2.286100E+0
 1405.68574 2.413143E+0 1405.71513 2.599875E+0 1405.73717 2.753820E+0
 1405.75922 2.920598E+0 1405.78126 3.100842E+0 1405.80330 3.295442E+0
 1405.82533 3.505151E+0 1405.84738 3.731151E+0 1405.86942 3.974065E+0
 1405.89881 4.326109E+0 1405.92819 4.712322E+0 1405.95758 5.135422E+0
 1405.98697 5.597845E+0 1406.01636 6.102246E+0 1406.04574 6.651179E+0
 1406.07145 7.170436E+0 1406.10451 7.894763E+0 1406.13757 8.686722E+0
 1406.16696 9.451049E+0 1406.19452 1.022220E+1 1406.22206 1.104802E+1
 1406.24778 1.187141E+1 1406.28268 1.307304E+1 1406.31023 1.409331E+1
 1406.34329 1.540503E+1 1406.38223 1.707783E+1 1406.41896 1.878816E+1
 1406.45643 2.067117E+1 1406.48949 2.245274E+1 1406.52769 2.465620E+1
 1406.57177 2.739762E+1 1406.60704 2.974835E+1 1406.64818 3.267032E+1
 1406.69520 3.625035E+1 1406.73928 3.984076E+1 1406.78336 4.365704E+1
 1406.83039 4.797423E+1 1406.88328 5.312361E+1 1406.93618 5.857114E+1
 1406.99495 6.494647E+1 1407.07724 7.437517E+1 1407.18009 8.679544E+1
 1407.40638 1.149570E+2 1407.48866 1.247999E+2 1407.56507 1.334159E+2
 1407.63266 1.404561E+2 1407.69438 1.462938E+2 1407.77666 1.530380E+2
 1407.84719 1.577447E+2 1407.91536 1.612544E+2 1407.98590 1.637400E+2
 1408.04702 1.649156E+2 1408.09228 1.651923E+2 1408.15870 1.646857E+2
 1408.21747 1.633489E+2 1408.29388 1.604146E+2 1408.37029 1.562187E+2
 1408.42907 1.522114E+2 1408.51723 1.450931E+2 1408.57600 1.397210E+2
 1408.67592 1.297000E+2 1408.80522 1.156618E+2 1409.01093 9.278677E+1
 1409.09910 8.338907E+1 1409.18726 7.449158E+1 1409.27101 6.661334E+1
 1409.34595 6.009829E+1 1409.39591 5.605186E+1 1409.44587 5.224861E+1
 1409.49583 4.868972E+1 1409.54579 4.537354E+1 1409.59575 4.229588E+1
 1409.64570 3.945098E+1 1409.70081 3.657174E+1 1409.75591 3.395272E+1
 1409.81101 3.157889E+1 1409.86611 2.943466E+1 1409.92122 2.750344E+1
 1409.97632 2.576940E+1 1410.03142 2.421571E+1 1410.08652 2.282626E+1
 1410.14163 2.158528E+1 1410.19672 2.047861E+1 1410.25182 1.949168E+1
 1410.30692 1.861172E+1 1410.36203 1.782664E+1 1410.41713 1.712578E+1
 1410.49060 1.630503E+1 1410.56407 1.559540E+1 1410.63754 1.497903E+1
 1410.71101 1.444071E+1 1410.78447 1.396770E+1 1410.87263 1.347125E+1
 1410.97549 1.297152E+1 1411.07835 1.253984E+1 1411.23263 1.198999E+1
 1411.38692 1.152822E+1 1411.54120 1.113214E+1 1411.71752 1.074077E+1
 1411.93793 1.032198E+1 1412.15834 9.963562E+0 1412.37874 9.652412E+0
 1412.67262 9.295397E+0 1412.96649 8.990577E+0 1413.26037 8.726944E+0
 1413.70118 8.391758E+0 1413.99505 8.200215E+0 1414.49464 7.920090E+0
 1414.99423 7.684995E+0 1415.74361 7.395127E+0 1416.58115 7.136192E+0
 1417.46278 6.916586E+0 1418.34440 6.736463E+0 1419.40235 6.558579E+0
 1420.46030 6.411715E+0 1422.22355 6.215924E+0 1424.33945 6.036342E+0
 1426.80584 5.876537E+0 1429.62272 5.736535E+0 1433.76894 5.581808E+0
 1436.50672 5.501744E+0 1441.98228 5.375100E+0 1448.24007 5.265489E+0
 1457.62676 5.141221E+0 1470.14234 5.016412E+0 1491.67861 4.850525E+0
 1528.34696 4.591396E+0 1543.62545 4.457294E+0 1552.79253 4.356188E+0
 1561.95963 4.227631E+0 1568.07102 4.117620E+0 1572.57944 4.017683E+0
 1576.93760 3.899025E+0 1579.92240 3.800720E+0 1582.90720 3.683702E+0
 1585.14580 3.579818E+0 1587.38440 3.458086E+0 1589.45080 3.325277E+0
 1591.17280 3.195371E+0 1592.89480 3.043144E+0 1594.01410 2.929326E+0
 1595.10470 2.804687E+0 1596.19530 2.663874E+0 1597.01325 2.545759E+0
 1597.83120 2.415111E+0 1598.69220 2.261779E+0 1599.26620 2.149211E+0
 1599.84020 2.027305E+0 1600.41420 1.895049E+0 1600.98820 1.751356E+0
 1601.56220 1.595125E+0 1601.99270 1.469113E+0 1602.42320 1.335178E+0
 1602.85370 1.193233E+0 1603.28420 1.043602E+0 1603.71470 8.873499E-1
 1604.55418 5.750629E-1 1604.78378 4.929388E-1 1604.96315 4.321130E-1
 1605.07078 3.976941E-1 1605.17840 3.653385E-1 1605.26450 3.412743E-1
 1605.35060 3.191605E-1 1605.41518 3.040691E-1 1605.47975 2.904546E-1
 1605.55150 2.772983E-1 1605.60890 2.684698E-1 1605.66630 2.613455E-1
 1605.72370 2.561313E-1 1605.77034 2.534608E-1 1605.82415 2.523204E-1
 1605.86003 2.528279E-1 1605.89590 2.544405E-1 1605.93895 2.579566E-1
 1605.98200 2.633524E-1 1606.02147 2.701059E-1 1606.05375 2.770245E-1
 1606.08604 2.853006E-1 1606.11474 2.938754E-1 1606.15062 3.063303E-1
 1606.18290 3.193080E-1 1606.21160 3.323642E-1 1606.23851 3.459951E-1
 1606.27618 3.675047E-1 1606.30847 3.883765E-1 1606.33717 4.089677E-1
 1606.37304 4.376213E-1 1606.40444 4.655815E-1 1606.43762 4.982962E-1
 1606.46453 5.274087E-1 1606.48964 5.568110E-1 1606.52372 6.004315E-1
 1606.55062 6.381113E-1 1606.57753 6.788959E-1 1606.60982 7.322275E-1
 1606.64569 7.975717E-1 1606.67080 8.474555E-1 1606.69950 9.089863E-1
 1606.72820 9.756935E-1 1606.75403 1.040490E+0 1606.77986 1.110126E+0
 1606.80713 1.189273E+0 1606.83726 1.283955E+0 1606.86740 1.386877E+0
 1606.89036 1.471209E+0 1606.91619 1.572650E+0 1606.94202 1.681518E+0
 1606.96785 1.798336E+0 1606.99655 1.938138E+0 1607.02812 2.105036E+0
 1607.05969 2.286820E+0 1607.09126 2.484764E+0 1607.12426 2.710443E+0
 1607.15009 2.901549E+0 1607.17592 3.106303E+0 1607.20175 3.325630E+0
 1607.22758 3.560511E+0 1607.25341 3.811985E+0 1607.27924 4.081151E+0
 1607.30507 4.369173E+0 1607.33090 4.677278E+0 1607.35673 5.006762E+0
 1607.38256 5.358988E+0 1607.41270 5.800660E+0 1607.44283 6.277499E+0
 1607.47297 6.792370E+0 1607.50310 7.347620E+0 1607.53324 7.946453E+0
 1607.56624 8.655426E+0 1607.60068 9.459108E+0 1607.63512 1.033280E+1
 1607.66956 1.128168E+1 1607.70400 1.231122E+1 1607.73844 1.342710E+1
 1607.77288 1.463525E+1 1607.80732 1.594185E+1 1607.84176 1.735327E+1
 1607.87620 1.887609E+1 1607.91064 2.051707E+1 1607.94508 2.228313E+1
 1607.97952 2.418130E+1 1608.01396 2.621871E+1 1608.04840 2.840256E+1
 1608.08284 3.074003E+1 1608.11728 3.323832E+1 1608.15172 3.590451E+1
 1608.18616 3.874558E+1 1608.22060 4.176829E+1 1608.26652 4.609238E+1
 1608.31244 5.076554E+1 1608.34688 5.450753E+1 1608.39280 5.982258E+1
 1608.43872 6.551921E+1 1608.48464 7.160558E+1 1608.53056 7.808734E+1
 1608.57648 8.496739E+1 1608.62240 9.224548E+1 1608.66832 9.991798E+1
 1608.73720 1.121491E+2 1608.80608 1.252084E+2 1608.88931 1.420018E+2
 1608.98976 1.635307E+2 1609.13039 1.952975E+2 1609.35138 2.459603E+2
 1609.47192 2.719832E+2 1609.55515 2.885045E+2 1609.63264 3.024480E+2
 1609.70152 3.134457E+2 1609.76581 3.223606E+2 1609.84847 3.317023E+2
 1609.91275 3.371903E+2 1609.99013 3.416195E+2 1610.06888 3.436095E+2
 1610.09184 3.437068E+2 1610.15613 3.428236E+2 1610.22846 3.398273E+2
 1610.30996 3.340096E+2 1610.39606 3.252417E+2 1610.48216 3.140484E+2
 1610.56252 3.017021E+2 1610.64288 2.878278E+2 1610.74620 2.682568E+2
 1610.90692 2.354581E+2 1611.12217 1.907946E+2 1611.22980 1.695146E+2
 1611.31590 1.534169E+2 1611.40200 1.383186E+2 1611.48092 1.254522E+2
 1611.53832 1.167102E+2 1611.59572 1.084988E+2 1611.65312 1.008201E+2
 1611.71052 9.366968E+1 1611.76792 8.703752E+1 1611.82532 8.090870E+1
 1611.88272 7.526438E+1 1611.94012 7.008259E+1 1611.99752 6.533901E+1
 1612.05492 6.100772E+1 1612.11232 5.706180E+1 1612.16972 5.347394E+1
 1612.22712 5.021689E+1 1612.28452 4.726391E+1 1612.34192 4.458908E+1
 1612.40865 4.179628E+1 1612.47538 3.930912E+1 1612.54211 3.709345E+1
 1612.60883 3.511818E+1 1612.67556 3.335423E+1 1612.74229 3.177626E+1
 1612.80902 3.036131E+1 1612.87574 2.908923E+1 1612.96471 2.758417E+1
 1613.05368 2.626463E+1 1613.15485 2.495121E+1 1613.25602 2.380214E+1
 1613.35719 2.278823E+1 1613.45835 2.188633E+1 1613.59324 2.082635E+1
 1613.72813 1.989894E+1 1613.86302 1.907888E+1 1613.99791 1.834713E+1
 1614.20455 1.736521E+1 1614.41980 1.648583E+1 1614.63505 1.572263E+1
 1614.85030 1.505336E+1 1614.99380 1.465094E+1 1615.28080 1.393373E+1
 1615.53910 1.337163E+1 1615.79740 1.287428E+1 1616.14180 1.229385E+1
 1616.48620 1.179060E+1 1616.94540 1.121514E+1 1617.37590 1.075464E+1
 1617.80640 1.035512E+1 1618.38040 9.898113E+0 1618.95440 9.509850E+0
 1619.52840 9.175960E+0 1620.10240 8.885802E+0 1620.96340 8.515509E+0
 1621.68090 8.254147E+0 1622.54190 7.984878E+0 1623.40290 7.754041E+0
 1624.69440 7.463417E+0 1625.84240 7.248518E+0 1627.56440 6.983181E+0
 1629.28640 6.768684E+0 1631.18060 6.575590E+0 1633.07480 6.416026E+0
 1635.83000 6.227538E+0 1638.81480 6.065464E+0 1641.89645 5.930711E+0
 1646.66420 5.767387E+0 1652.59040 5.615329E+0 1659.36320 5.485576E+0
 1666.13600 5.385856E+0 1676.29520 5.272271E+0 1689.84080 5.162038E+0
 1696.61360 5.118387E+0 1700.00000 5.100443E+0 1700.00000 1.846325E+1
 1747.96805 1.827483E+1 1797.28959 1.808109E+1 1843.90889 1.789797E+1
 1895.93755 1.771532E+1 1949.43427 1.752752E+1 2000.00000 1.735000E+1
 2056.43300 1.717641E+1 2114.45834 1.699792E+1 2174.12096 1.681440E+1
 2213.36384 1.669369E+1 2275.81722 1.652369E+1 2340.03282 1.634890E+1
 2388.19575 1.621780E+1 2455.58228 1.605697E+1 2524.87021 1.589160E+1
 2596.11321 1.572156E+1 2669.36644 1.554673E+1 2676.67466 1.552929E+1
 2752.20105 1.537528E+1 2829.85853 1.521693E+1 2909.70723 1.505411E+1
 2991.80899 1.488670E+1 3000.00000 1.487000E+1 3084.64950 1.471212E+1
 3171.68751 1.454979E+1 3223.70980 1.445277E+1 3314.67161 1.430315E+1
 3408.20004 1.414932E+1 3504.36752 1.399115E+1 3590.93848 1.384876E+1
 3692.26220 1.370540E+1 3796.44491 1.355800E+1 3903.56730 1.340644E+1
 4000.00000 1.327000E+1 4112.86600 1.313318E+1 4228.91668 1.299250E+1
 4348.24191 1.284785E+1 4470.93408 1.269911E+1 4472.13596 1.269766E+1
 4598.32398 1.256674E+1 4728.07259 1.243212E+1 4861.48225 1.229371E+1
 4998.65627 1.215139E+1 5000.00000 1.215000E+1 5141.08250 1.203279E+1
 5286.14585 1.191228E+1 5435.30239 1.178836E+1 5477.22558 1.175353E+1
 5631.77372 1.164015E+1 5790.68266 1.152356E+1 5954.07546 1.140369E+1
 6000.00000 1.137000E+1 6169.29900 1.126834E+1 6343.37503 1.116382E+1
 6480.74070 1.108134E+1 6663.60452 1.098226E+1 6851.62812 1.088039E+1
 7000.00000 1.080000E+1 7197.51550 1.071309E+1 7400.60420 1.062373E+1
 7609.42334 1.053185E+1 7824.13464 1.043738E+1 8000.00000 1.036000E+1
 8225.73200 1.028099E+1 8457.83337 1.019976E+1 8696.48382 1.011623E+1
 8941.86816 1.003035E+1 9000.00000 1.001000E+1 9253.94850 9.937371E+0
 9515.06254 9.862692E+0 9783.54430 9.785906E+0 10000.0000 9.724000E+0
 10282.1650 9.658274E+0 10572.2917 9.590694E+0 10870.6048 9.521207E+0
 10905.0773 9.513178E+0 11212.7804 9.451479E+0 11529.1658 9.388040E+0
 11854.4785 9.322811E+0 12188.9704 9.255742E+0 12532.9005 9.186779E+0
 12690.5095 9.155177E+0 13048.5913 9.094350E+0 13416.7768 9.031806E+0
 13795.3513 8.967498E+0 14184.6079 8.901375E+0 14218.9260 8.895546E+0
 14620.1343 8.835368E+0 15032.6633 8.773493E+0 15456.8325 8.709871E+0
 15484.8711 8.705666E+0 15921.8000 8.648346E+0 16371.0574 8.589408E+0
 16832.9914 8.528808E+0 17307.9595 8.466497E+0 17598.2221 8.428418E+0
 18094.7823 8.372924E+0 18605.3538 8.315863E+0 19130.3317 8.257192E+0
 19670.1227 8.196866E+0 20000.0000 8.160000E+0 20564.3300 8.114194E+0
 21144.5834 8.067095E+0 21741.2096 8.018667E+0 22133.6384 7.986814E+0
 22758.1722 7.943358E+0 23400.3282 7.898676E+0 24060.6035 7.852732E+0
 24739.5096 7.805493E+0 25437.5719 7.756921E+0 25768.3750 7.733903E+0
 26495.4684 7.691823E+0 27243.0777 7.648555E+0 28011.7820 7.604067E+0
 28802.1765 7.558323E+0 29614.8731 7.511289E+0 30000.0000 7.489000E+0
 30846.4950 7.456419E+0 31716.8751 7.422918E+0 32611.8143 7.388473E+0
 33532.0056 7.353055E+0 34478.1614 7.316638E+0 34641.0162 7.310370E+0
 35618.4644 7.278566E+0 36623.4928 7.245864E+0 37656.8796 7.212240E+0
 38719.4250 7.177667E+0 39811.9516 7.142119E+0 40000.0000 7.136000E+0
 41128.6600 7.109012E+0 42289.1668 7.081263E+0 43482.4191 7.052731E+0
 44709.3408 7.023394E+0 44721.3596 7.023107E+0 45983.2398 6.996546E+0
 47280.7259 6.969236E+0 48614.8225 6.941156E+0 49986.5627 6.912283E+0
 50000.0000 6.912000E+0 51410.8250 6.889427E+0 52861.4585 6.866217E+0
 54353.0239 6.842352E+0 55886.6760 6.817813E+0 57463.6024 6.792582E+0
 59085.0241 6.766640E+0 60000.0000 6.752000E+0 61692.9900 6.731515E+0
 63433.7503 6.710452E+0 65223.6287 6.688794E+0 67064.0112 6.666525E+0
 68956.3229 6.643628E+0 70000.0000 6.631000E+0 71975.1550 6.612434E+0
 74006.0420 6.593343E+0 76094.2334 6.573714E+0 78241.3464 6.553531E+0
 80000.0000 6.537000E+0 82257.3200 6.520296E+0 84578.3337 6.503120E+0
 86964.8382 6.485460E+0 89418.6816 6.467302E+0 90000.0000 6.463000E+0
 92539.4850 6.447509E+0 95150.6254 6.431581E+0 97835.4430 6.415204E+0
 100000.000 6.402000E+0 102821.650 6.388456E+0 105722.917 6.374530E+0
 108706.048 6.360211E+0 111773.352 6.345488E+0 114927.205 6.330349E+0
 118170.048 6.314784E+0 120000.000 6.306000E+0 123385.980 6.294149E+0
 126867.501 6.281964E+0 130447.257 6.269435E+0 134128.022 6.256552E+0
 137912.646 6.243306E+0 140000.000 6.236000E+0 143950.310 6.225729E+0
 148012.084 6.215169E+0 152188.467 6.204310E+0 156482.693 6.193145E+0
 160000.000 6.184000E+0 164514.640 6.175196E+0 169156.667 6.166144E+0
 173929.676 6.156837E+0 178837.363 6.147267E+0 180000.000 6.145000E+0
 185078.970 6.137889E+0 190301.251 6.130578E+0 195670.886 6.123061E+0
 200000.000 6.117000E+0 205643.300 6.112824E+0 211445.834 6.108530E+0
 217412.096 6.104115E+0 223546.704 6.099575E+0 229854.410 6.094908E+0
 236340.096 6.090108E+0 243008.787 6.085173E+0 249865.644 6.080099E+0
 250000.000 6.080000E+0 300000.000 6.074000E+0 300000.000 6.073956E+0
 400000.000 6.103992E+0 450000.000 6.040984E+0 500000.000 5.831010E+0
 550000.000 5.708005E+0 616929.900 5.611039E+0 700000.000 5.532001E+0
 861992.013 5.439484E+0 950000.000 5.397990E+0 1014108.25 5.293467E+0
 1142245.64 5.123178E+0 1296148.14 4.944865E+0 1400000.00 4.839997E+0
 1538893.54 4.655099E+0 1645146.40 4.515490E+0 1897366.60 4.180557E+0
 2028216.50 4.015904E+0 2156805.13 3.844161E+0 2330243.35 3.622884E+0
 2568483.99 3.329469E+0 2600000.00 3.291994E+0 2698147.51 3.126333E+0
 2800000.00 2.969010E+0 3000000.00 2.803001E+0 3210604.99 2.650347E+0
 3420267.06 2.513706E+0 3549378.88 2.438730E+0 3750000.00 2.332001E+0
 4000000.00 2.221001E+0 4250000.00 2.131001E+0 4500000.00 2.060001E+0
 4750000.00 2.006001E+0 5000000.00 1.966001E+0 5500000.00 1.922001E+0
 6000000.00 1.916001E+0 6500000.00 1.937001E+0 7000000.00 1.976001E+0
 7605811.88 2.040909E+0 8500000.00 2.154000E+0 9634028.38 2.301351E+0
 10141082.5 2.360673E+0 11000000.0 2.449999E+0 12000000.0 2.524999E+0
 13000000.0 2.567999E+0 14000000.0 2.580999E+0 15000000.0 2.566999E+0
 16000000.0 2.529999E+0 17000000.0 2.475000E+0 18253948.5 2.386192E+0
 19768056.8 2.263483E+0 20000000.0 2.244003E+0                      
