 1.000000E-5 2.618343E+2 1.102400E-5 2.493773E+2 1.215040E-5 2.375366E+2
 1.339460E-5 2.262360E+2 1.476330E-5 2.154937E+2 1.627500E-5 2.052419E+2
 1.793810E-5 1.954963E+2 1.977490E-5 1.861956E+2 2.179560E-5 1.773546E+2
 2.402740E-5 1.689169E+2 2.648260E-5 1.608965E+2 2.919430E-5 1.532419E+2
 3.217750E-5 1.459656E+2 3.547230E-5 1.390214E+2 3.909700E-5 1.324203E+2
 4.310050E-5 1.261204E+2 4.750460E-5 1.201319E+2 5.236900E-5 1.144166E+2
 5.772020E-5 1.089839E+2 6.363060E-5 1.037990E+2 7.013260E-5 9.887039E+1
 7.731390E-5 9.416669E+1 8.521420E-5 8.969539E+1 9.393980E-5 8.542818E+1
 1.035390E-4 8.137181E+1 1.141410E-4 7.750058E+1 1.258040E-4 7.382065E+1
 1.386860E-4 7.030874E+1 1.528580E-4 6.697021E+1 1.685100E-4 6.378412E+1
 1.857290E-4 6.075547E+1 2.047470E-4 5.786505E+1 2.256690E-4 5.511745E+1
 2.487770E-4 5.249521E+1 2.741980E-4 5.000261E+1 3.022750E-4 4.762371E+1
 3.331620E-4 4.536242E+1 3.672770E-4 4.320430E+1 4.048070E-4 4.115283E+1
 4.462580E-4 3.919495E+1 4.918580E-4 3.733387E+1 5.422230E-4 3.555768E+1
 5.976290E-4 3.386929E+1 6.588240E-4 3.225794E+1 7.261450E-4 3.072621E+1
 8.005010E-4 2.926438E+1 8.822990E-4 2.787480E+1 9.726430E-4 2.654863E+1
 1.072032E-3 2.528798E+1 1.181804E-3 2.408487E+1 1.302565E-3 2.294121E+1
 1.435944E-3 2.184974E+1 1.582674E-3 2.081220E+1 1.744735E-3 1.982201E+1
 1.923019E-3 1.888074E+1 2.119930E-3 1.798243E+1 2.336552E-3 1.712851E+1
 2.575808E-3 1.631356E+1 2.839014E-3 1.553887E+1 3.129720E-3 1.479954E+1
 3.449526E-3 1.409674E+1 3.802747E-3 1.342601E+1 4.191326E-3 1.278844E+1
 4.620505E-3 1.217998E+1 5.092645E-3 1.160162E+1 5.614117E-3 1.104971E+1
 6.187788E-3 1.052517E+1 6.821398E-3 1.002468E+1 7.518434E-3 9.549020E+0
 8.288299E-3 9.095076E+0 9.135227E-3 8.663467E+0 1.007065E-2 8.251356E+0
 1.109970E-2 7.859406E+0 1.223628E-2 7.485265E+0 1.348663E-2 7.129836E+0
 1.486762E-2 6.790681E+0 1.638684E-2 6.468348E+0 1.806481E-2 6.160569E+0
 1.991073E-2 5.867753E+0 2.194953E-2 5.588174E+0 2.419242E-2 5.322442E+0
 2.508752E-2 5.226497E+0 2.530000E-2 5.204474E+0 2.789064E-2 4.956531E+0
 3.074061E-2 4.720864E+0 3.388836E-2 4.496170E+0 3.735119E-2 4.282862E+0
 4.117584E-2 4.079107E+0 4.538334E-2 3.884981E+0 5.003046E-2 3.699553E+0
 5.514275E-2 3.523309E+0 6.078921E-2 3.355165E+0 6.700087E-2 3.195584E+0
 7.386156E-2 3.043733E+0 8.140900E-2 2.898985E+0 8.974504E-2 2.760405E+0
 9.891551E-2 2.628657E+0 0.10904416 2.502945E+0 0.12018669 2.383459E+0
 0.13249345 2.269439E+0 0.14603211 2.161344E+0 0.16098536 2.058420E+0
 0.17743543 1.959924E+0 0.19560428 1.865877E+0 0.21559184 1.776481E+0
 0.23766780 1.691160E+0 0.26195356 1.610040E+0 0.28877682 1.532635E+0
 0.31828508 1.459598E+0 0.35087652 1.389201E+0 0.38673036 1.322215E+0
 0.42633038 1.258261E+0 0.46989437 1.197462E+0 0.51801015 1.139399E+0
 0.57094231 1.084226E+0 0.63816136 1.024551E+0 0.70350716 9.744995E-1
 0.77539408 9.268969E-1 0.85479211 8.814727E-1 0.94213788 8.381754E-1
 1.03860997 7.968153E-1 1.14473891 7.574268E-1 1.26195674 7.198521E-1
 1.41053135 6.791058E-1 1.55466458 6.451458E-1 1.69001442 6.171914E-1
 1.83714788 5.903043E-1 2.02526631 5.601666E-1 2.23221539 5.315224E-1
 2.46078755 5.040939E-1 2.75050472 4.743118E-1 3.03156130 4.494524E-1
 3.34198408 4.257093E-1 3.63293881 4.061300E-1 3.94922420 3.872202E-1
 4.35277029 3.661425E-1 4.73172456 3.488197E-1 5.14367076 3.320486E-1
 5.59148119 3.159119E-1 6.07827821 3.003689E-1 6.51679453 2.879105E-1
 7.08414977 2.733488E-1 7.70089924 2.593539E-1 8.37134320 2.458930E-1
 9.10015634 2.329266E-1 9.75479718 2.224612E-1 10.6040545 2.102646E-1
 11.5272485 1.985773E-1 12.5308163 1.872663E-1 13.6217552 1.764273E-1
 15.0165820 1.642736E-1 16.3239328 1.543111E-1 17.4982328 1.462909E-1
 18.7606397 1.385344E-1 20.1102298 1.310738E-1 21.5610788 1.238488E-1
 23.1121250 1.168768E-1 24.7795452 1.101206E-1 26.5621192 1.036931E-1
 28.4784386 9.744831E-2 30.5271011 9.150357E-2 32.7294734 8.578505E-2
 35.5789170 7.924826E-2 38.1250000 7.410193E-2 40.8755214 6.917698E-2
 43.2147936 6.539557E-2 45.5841658 6.193517E-2 48.1862256 5.847288E-2
 50.9370105 5.514984E-2 53.4942102 5.236622E-2 56.5556395 4.932209E-2
 59.4267435 4.676244E-2 62.5485647 4.422347E-2 65.8411694 4.180555E-2
 68.6408033 3.995128E-2 71.5733330 3.815195E-2 74.2000000 3.666421E-2
 78.1000000 3.467019E-2 82.0000000 3.288893E-2 86.2120000 3.117567E-2
 89.8952211 2.984339E-2 93.7176579 2.859723E-2 97.7215420 2.742714E-2
 103.314065 2.602343E-2 107.707085 2.507176E-2 113.200000 2.406911E-2
 118.036225 2.334812E-2 123.055246 2.274742E-2 128.312515 2.227609E-2
 133.558000 2.196225E-2 136.600000 2.185984E-2 140.500000 2.181329E-2
 145.258000 2.189563E-2 148.300000 2.203498E-2 152.484507 2.234833E-2
 156.100000 2.274386E-2 160.955500 2.349018E-2 164.855500 2.429494E-2
 167.800000 2.504901E-2 170.179000 2.576439E-2 172.889500 2.671234E-2
 175.600000 2.782145E-2 178.369000 2.915488E-2 180.826000 3.052617E-2
 183.283000 3.212620E-2 184.901500 3.331341E-2 186.500500 3.460976E-2
 187.963000 3.591418E-2 189.952000 3.788600E-2 191.473000 3.958935E-2
 193.579000 4.225998E-2 195.178000 4.456366E-2 196.699000 4.701734E-2
 198.220000 4.976630E-2 199.975000 5.335396E-2 201.145000 5.604583E-2
 202.315000 5.901377E-2 203.485000 6.229210E-2 204.655000 6.592513E-2
 205.825000 6.996447E-2 206.995000 7.447266E-2 208.165000 7.952338E-2
 209.042500 8.372054E-2 209.920000 8.831843E-2 210.797500 9.336956E-2
 211.675000 9.893490E-2 212.528125 1.049060E-1 213.332500 1.111110E-1
 214.136875 1.179301E-1 214.990000 1.259784E-1 215.867500 1.352472E-1
 216.452500 1.420637E-1 217.281250 1.527236E-1 218.085625 1.643632E-1
 218.621875 1.729142E-1 219.182500 1.826583E-1 219.767500 1.938095E-1
 220.352500 2.060849E-1 220.937500 2.196408E-1 221.522500 2.346618E-1
 222.107500 2.513675E-1 222.546250 2.651580E-1 222.985000 2.801722E-1
 223.423750 2.965594E-1 223.862500 3.144927E-1 224.301250 3.341734E-1
 224.740000 3.558366E-1 225.178750 3.797584E-1 225.617500 4.062649E-1
 226.056250 4.357433E-1 226.495000 4.686561E-1 226.933750 5.055501E-1
 227.226250 5.326459E-1 227.518750 5.619835E-1 227.811250 5.938922E-1
 228.103750 6.287140E-1 228.457188 6.751560E-1 228.767969 7.204902E-1
 229.078750 7.706558E-1 229.407813 8.298345E-1 229.633282 8.744880E-1
 229.913594 9.353104E-1 230.187813 1.001278E+0 230.455938 1.072883E+0
 230.638750 1.126272E+0 230.882500 1.203987E+0 231.101875 1.281125E+0
 231.296875 1.356178E+0 231.479688 1.432776E+0 231.662500 1.516138E+0
 231.845313 1.607087E+0 232.028125 1.706578E+0 232.210938 1.815720E+0
 232.393750 1.935807E+0 232.576563 2.068360E+0 232.759375 2.215173E+0
 232.942188 2.378379E+0 233.125000 2.560522E+0 233.307813 2.764667E+0
 233.429688 2.914789E+0 233.551563 3.077616E+0 233.673438 3.254633E+0
 233.795313 3.447548E+0 233.917188 3.658336E+0 234.039063 3.889291E+0
 234.160938 4.143088E+0 234.282813 4.422866E+0 234.404688 4.732328E+0
 234.526563 5.075862E+0 234.617969 5.358986E+0 234.709375 5.666793E+0
 234.800782 6.002269E+0 234.892188 6.368861E+0 234.983594 6.770588E+0
 235.075000 7.212143E+0 235.162750 7.678617E+0 235.250500 8.192620E+0
 235.338250 8.760938E+0 235.426000 9.391639E+0 235.513750 1.009438E+1
 235.591750 1.078886E+1 235.664875 1.150865E+1 235.738000 1.230474E+1
 235.811125 1.318857E+1 235.884250 1.417390E+1 235.957375 1.527737E+1
 236.006125 1.608851E+1 236.054875 1.696822E+1 236.103625 1.792476E+1
 236.152375 1.896771E+1 236.201125 2.010826E+1 236.249875 2.135960E+1
 236.298625 2.273730E+1 236.344938 2.418009E+1 236.388813 2.568484E+1
 236.432688 2.734343E+1 236.476563 2.917902E+1 236.520438 3.121945E+1
 236.564313 3.349847E+1 236.597219 3.538868E+1 236.630125 3.745659E+1
 236.663032 3.972627E+1 236.689844 4.174393E+1 236.721532 4.434885E+1
 236.753219 4.722371E+1 236.784907 5.040667E+1 236.816594 5.394138E+1
 236.848282 5.787848E+1 236.872047 6.112961E+1 236.895813 6.466679E+1
 236.919579 6.851986E+1 236.939688 7.205100E+1 236.964063 7.669690E+1
 236.988438 8.178254E+1 237.012813 8.735254E+1 237.037188 9.345474E+1
 237.061563 1.001401E+2 237.085938 1.074622E+2 237.110313 1.154774E+2
 237.133469 1.237864E+2 237.155407 1.323296E+2 237.177344 1.415696E+2
 237.199282 1.515503E+2 237.221219 1.623127E+2 237.243157 1.738981E+2
 237.265094 1.863425E+2 237.287032 1.996807E+2 237.307750 2.131233E+2
 237.337000 2.335382E+2 237.366250 2.556648E+2 237.395500 2.795104E+2
 237.424750 3.050503E+2 237.454000 3.322225E+2 237.483250 3.609236E+2
 237.527125 4.065058E+2 237.583188 4.681190E+2 237.690438 5.889998E+2
 237.734313 6.359819E+2 237.776238 6.774687E+2 237.816213 7.126729E+2
 237.853750 7.408622E+2 237.888850 7.622179E+2 237.916150 7.751147E+2
 237.945400 7.850665E+2 237.974650 7.908382E+2 237.999415 7.923741E+2
 238.021255 7.911590E+2 238.048750 7.862270E+2 238.078000 7.769083E+2
 238.105300 7.645750E+2 238.142838 7.422653E+2 238.173550 7.198273E+2
 238.214500 6.848554E+2 238.258375 6.421952E+2 238.314438 5.822557E+2
 238.447282 4.330364E+2 238.494813 3.822591E+2 238.535032 3.418141E+2
 238.569157 3.096743E+2 238.603282 2.797286E+2 238.628875 2.587750E+2
 238.654469 2.391326E+2 238.684938 2.174571E+2 238.706875 2.029841E+2
 238.728813 1.894360E+2 238.750750 1.767868E+2 238.772688 1.650028E+2
 238.794625 1.540489E+2 238.816563 1.438848E+2 238.838500 1.344700E+2
 238.865313 1.239174E+2 238.892125 1.143414E+2 238.918938 1.056631E+2
 238.945750 9.780659E+1 238.972563 9.069784E+1 238.999375 8.426752E+1
 239.026188 7.844956E+1 239.053000 7.318341E+1 239.078594 6.861934E+1
 239.104188 6.446176E+1 239.129782 6.066976E+1 239.155375 5.720630E+1
 239.180969 5.403753E+1 239.206563 5.113337E+1 239.240688 4.762636E+1
 239.274813 4.448549E+1 239.308938 4.166235E+1 239.345500 3.894324E+1
 239.384500 3.634391E+1 239.423500 3.401236E+1 239.462500 3.191178E+1
 239.501500 3.001142E+1 239.540500 2.828545E+1 239.579500 2.671217E+1
 239.618500 2.527320E+1 239.662375 2.379559E+1 239.711125 2.230734E+1
 239.759875 2.095999E+1 239.808625 1.973559E+1 239.857375 1.861905E+1
 239.906125 1.759763E+1 239.954875 1.666048E+1 240.003625 1.579830E+1
 240.057250 1.492694E+1 240.115750 1.405803E+1 240.174250 1.326446E+1
 240.232750 1.253758E+1 240.291250 1.186995E+1 240.349750 1.125517E+1
 240.408250 1.068770E+1 240.496000 9.914833E+0 240.574000 9.297041E+0
 240.652000 8.735952E+0 240.730000 8.224751E+0 240.808000 7.757623E+0
 240.886000 7.329585E+0 240.964000 6.936341E+0 241.042000 6.574175E+0
 241.120000 6.239863E+0 241.217500 5.856894E+0 241.315000 5.508348E+0
 241.412500 5.190198E+0 241.510000 4.898993E+0 241.607500 4.631762E+0
 241.705000 4.385931E+0 241.802500 4.159265E+0 241.900000 3.949812E+0
 242.009688 3.732634E+0 242.119375 3.532967E+0 242.229063 3.348967E+0
 242.338750 3.179034E+0 242.503282 2.947484E+0 242.667813 2.740440E+0
 242.777500 2.614357E+0 242.935938 2.447143E+0 243.094375 2.295587E+0
 243.252813 2.157780E+0 243.411250 2.032068E+0 243.569688 1.917027E+0
 243.728125 1.811458E+0 243.886563 1.714349E+0 244.045000 1.624837E+0
 244.215625 1.536065E+0 244.386250 1.454388E+0 244.556875 1.379071E+0
 244.727500 1.309471E+0 244.983438 1.214573E+0 245.239375 1.129655E+0
 245.410000 1.077909E+0 245.629375 1.016457E+0 245.848750 9.601290E-1
 246.068125 9.083706E-1 246.287500 8.607006E-1 246.506875 8.166994E-1
 246.835938 7.567861E-1 247.165000 7.032561E-1 247.433125 6.637464E-1
 247.701250 6.274906E-1 247.969375 5.941475E-1 248.237500 5.634343E-1
 248.505625 5.350994E-1 248.907813 4.964670E-1 249.310000 4.618252E-1
 249.748750 4.280162E-1 250.187500 3.978152E-1 250.626250 3.707281E-1
 251.065000 3.463415E-1 251.503750 3.243085E-1 251.942500 3.043360E-1
 252.381250 2.861753E-1 252.820000 2.696139E-1 253.258750 2.544697E-1
 253.697500 2.405857E-1 254.282500 2.238021E-1 254.867500 2.087455E-1
 255.452500 1.951873E-1 256.037500 1.829354E-1 256.622500 1.718278E-1
 257.207500 1.617320E-1 257.792500 1.525432E-1 258.377500 1.441204E-1
 258.962500 1.363921E-1 259.547500 1.292893E-1 260.132500 1.227466E-1
 261.010000 1.138594E-1 261.692500 1.076252E-1 262.375000 1.019263E-1
 263.057500 9.667890E-2 264.032500 8.988732E-2 264.910000 8.440018E-2
 265.787500 7.942903E-2 266.665000 7.491150E-2 267.542500 7.079451E-2
 268.420000 6.704069E-2 269.686494 6.216592E-2 270.952987 5.784148E-2
 272.219481 5.399382E-2 273.485973 5.055480E-2 274.752466 4.746871E-2
 276.018959 4.468979E-2 277.285453 4.217981E-2 278.551945 3.990626E-2
 279.818438 3.784100E-2 281.084931 3.595958E-2 282.773588 3.370019E-2
 284.462246 3.168901E-2 286.150903 2.989261E-2 287.839561 2.828218E-2
 289.528218 2.683442E-2 291.216876 2.552908E-2 292.905533 2.435039E-2
 295.438518 2.279004E-2 297.690061 2.157743E-2 299.941604 2.050951E-2
 302.193147 1.956800E-2 304.444690 1.873798E-2 306.696234 1.800729E-2
 308.947777 1.736604E-2 311.199320 1.680634E-2 313.450863 1.632202E-2
 315.702406 1.590848E-2 317.953949 1.556260E-2 320.205492 1.528270E-2
 322.457035 1.506861E-2 324.708579 1.492183E-2 327.523008 1.483615E-2
 328.085894 1.483326E-2 330.618880 1.489327E-2 332.307537 1.499290E-2
 333.996195 1.514097E-2 335.684852 1.536236E-2 337.373509 1.566041E-2
 339.116145 1.606166E-2 340.463607 1.644982E-2 341.811069 1.691795E-2
 343.152758 1.747687E-2 344.494447 1.814694E-2 345.836136 1.894643E-2
 346.842402 1.964981E-2 347.848669 2.046424E-2 348.854936 2.140536E-2
 349.861202 2.249720E-2 350.867469 2.377010E-2 351.538313 2.473788E-2
 352.209157 2.581698E-2 352.921929 2.710418E-2 353.676629 2.865138E-2
 354.242654 2.995654E-2 354.808679 3.140342E-2 355.374704 3.300738E-2
 355.940729 3.480384E-2 356.506754 3.682421E-2 357.072779 3.910100E-2
 357.638804 4.167820E-2 358.204829 4.461018E-2 358.582179 4.679454E-2
 359.085313 5.004016E-2 359.420735 5.244566E-2 359.756157 5.507201E-2
 360.091579 5.794693E-2 360.427001 6.110262E-2 360.762423 6.457667E-2
 361.097845 6.841295E-2 361.394634 7.214980E-2 361.781867 7.757895E-2
 362.040023 8.159731E-2 362.298178 8.598318E-2 362.556334 9.078421E-2
 362.814489 9.605327E-2 363.072645 1.018513E-1 363.330800 1.082500E-1
 363.614038 1.160626E-1 363.897275 1.248379E-1 364.086100 1.313050E-1
 364.274925 1.383332E-1 364.463750 1.459890E-1 364.652575 1.543482E-1
 364.841400 1.634989E-1 365.001175 1.719358E-1 365.160950 1.810860E-1
 365.320725 1.910337E-1 365.480500 2.018762E-1 365.640275 2.137253E-1
 365.800050 2.267102E-1 365.959825 2.409812E-1 366.119600 2.567145E-1
 366.293900 2.757910E-1 366.468200 2.971791E-1 366.584400 3.129125E-1
 366.700600 3.299831E-1 366.816800 3.485481E-1 366.933000 3.687888E-1
 367.049200 3.909148E-1 367.150875 4.120125E-1 367.252550 4.349284E-1
 367.354225 4.598803E-1 367.455900 4.871199E-1 367.557575 5.169406E-1
 367.659250 5.496860E-1 367.760925 5.857609E-1 367.862600 6.256444E-1
 367.971538 6.732540E-1 368.044163 7.081990E-1 368.116788 7.460481E-1
 368.189413 7.871418E-1 368.262038 8.318732E-1 368.334663 8.806986E-1
 368.407288 9.341511E-1 368.476282 9.897862E-1 368.541644 1.047437E+0
 368.607007 1.110544E+0 368.672369 1.179853E+0 368.737732 1.256258E+0
 368.803094 1.340832E+0 368.868457 1.434892E+0 368.917479 1.512630E+0
 368.966500 1.597456E+0 369.017338 1.694012E+0 369.068175 1.800703E+0
 369.119013 1.919314E+0 369.169850 2.052125E+0 369.207979 2.162824E+0
 369.246107 2.284778E+0 369.284235 2.419993E+0 369.322363 2.570981E+0
 369.360491 2.740903E+0 369.393172 2.904620E+0 369.423130 3.072132E+0
 369.453088 3.259309E+0 369.483046 3.469641E+0 369.513004 3.707312E+0
 369.532975 3.883368E+0 369.552947 4.075493E+0 369.572919 4.285596E+0
 369.592891 4.515822E+0 369.612863 4.768569E+0 369.632835 5.046508E+0
 369.652807 5.352609E+0 369.672779 5.690167E+0 369.692750 6.062806E+0
 369.711134 6.440309E+0 369.729517 6.854363E+0 369.747900 7.308724E+0
 369.766283 7.807450E+0 369.784667 8.354959E+0 369.803050 8.955929E+0
 369.821433 9.615482E+0 369.839816 1.033908E+1 369.858200 1.113260E+1
 369.876583 1.200217E+1 369.888838 1.262738E+1 369.906995 1.362560E+1
 369.925151 1.471583E+1 369.943307 1.590539E+1 369.961463 1.720188E+1
 369.979619 1.861317E+1 369.997775 2.014741E+1 370.015478 2.176975E+1
 370.030457 2.324584E+1 370.047705 2.506964E+1 370.064954 2.703359E+1
 370.083110 2.926038E+1 370.100359 3.153537E+1 370.116699 3.384060E+1
 370.133948 3.643950E+1 370.152104 3.936619E+1 370.171894 4.278860E+1
 370.193318 4.677741E+1 370.215650 5.126084E+1 370.238890 5.629077E+1
 370.257773 6.065792E+1 370.279560 6.601434E+1 370.301348 7.171481E+1
 370.323135 7.775979E+1 370.352185 8.635222E+1 370.381235 9.553948E+1
 370.410285 1.052960E+2 370.439335 1.155842E+2 370.482910 1.318984E+2
 370.526485 1.490646E+2 370.671735 2.082382E+2 370.715310 2.250054E+2
 370.758885 2.405083E+2 370.796650 2.525663E+2 370.819890 2.592201E+2
 370.857655 2.686044E+2 370.886705 2.744955E+2 370.915755 2.791346E+2
 370.953520 2.831810E+2 370.984894 2.847686E+2 370.999594 2.849482E+2
 371.034860 2.839067E+2 371.071173 2.806888E+2 371.098770 2.768329E+2
 371.129273 2.712229E+2 371.165585 2.628259E+2 371.197540 2.540363E+2
 371.232400 2.431395E+2 371.275975 2.279247E+2 371.325360 2.090801E+2
 371.406700 1.760624E+2 371.479325 1.464868E+2 371.518543 1.311172E+2
 371.557760 1.164480E+2 371.592620 1.041306E+2 371.618765 9.539447E+1
 371.644910 8.711914E+1 371.671055 7.932328E+1 371.697200 7.201810E+1
 371.718988 6.630844E+1 371.740775 6.094202E+1 371.762563 5.591476E+1
 371.784350 5.122112E+1 371.806138 4.685256E+1 371.827925 4.279955E+1
 371.849713 3.905026E+1 371.871500 3.559238E+1 371.890565 3.279473E+1
 371.909629 3.020019E+1 371.928693 2.779875E+1 371.947757 2.558035E+1
 371.966821 2.353487E+1 371.985885 2.165219E+1 372.004949 1.992231E+1
 372.024013 1.833540E+1 372.043078 1.688178E+1 372.062141 1.555234E+1
 372.074850 1.473048E+1 372.091191 1.374475E+1 372.107532 1.283400E+1
 372.123873 1.199318E+1 372.140213 1.121747E+1 372.156554 1.050218E+1
 372.172894 9.843013E+0 372.189235 9.235737E+0 372.205575 8.676514E+0
 372.221916 8.161591E+0 372.238257 7.687543E+0 372.254598 7.251128E+0
 372.270938 6.849344E+0 372.287279 6.479318E+0 372.303619 6.138473E+0
 372.319960 5.824332E+0 372.336300 5.534680E+0 372.358088 5.182943E+0
 372.379875 4.866545E+0 372.401663 4.581436E+0 372.423450 4.324056E+0
 372.445238 4.091190E+0 372.467025 3.880029E+0 372.488813 3.688049E+0
 372.510600 3.513055E+0 372.532388 3.353085E+0 372.565069 3.137628E+0
 372.597750 2.947255E+0 372.630432 2.777917E+0 372.663113 2.626309E+0
 372.697610 2.482517E+0 372.735738 2.339944E+0 372.773866 2.211828E+0
 372.811994 2.095926E+0 372.837413 2.024539E+0 372.888250 1.893926E+0
 372.939088 1.777196E+0 372.989925 1.672135E+0 373.040763 1.577007E+0
 373.091600 1.490444E+0 373.156963 1.389965E+0 373.222325 1.299930E+0
 373.287688 1.218835E+0 373.353050 1.145466E+0 373.418413 1.078820E+0
 373.483775 1.018067E+0 373.549138 9.625027E-1 373.614500 9.115354E-1
 373.694388 8.547463E-1 373.774275 8.032799E-1 373.854163 7.564738E-1
 373.934050 7.137700E-1 374.013938 6.746912E-1 374.093825 6.388307E-1
 374.173713 6.058365E-1 374.253600 5.754054E-1 374.355275 5.399683E-1
 374.456950 5.077907E-1 374.558625 4.784780E-1 374.660300 4.516950E-1
 374.761975 4.271551E-1 374.863650 4.046122E-1 374.965325 3.838537E-1
 375.067000 3.646947E-1 375.197725 3.421550E-1 375.328450 3.216992E-1
 375.459175 3.030767E-1 375.589900 2.860731E-1 375.720625 2.705051E-1
 375.851350 2.562144E-1 375.982075 2.430643E-1 376.112800 2.309362E-1
 376.265313 2.179409E-1 376.417825 2.060538E-1 376.570338 1.951520E-1
 376.722850 1.851291E-1 376.875363 1.758920E-1 377.104132 1.633351E-1
 377.332900 1.521342E-1 377.528988 1.434685E-1 377.725075 1.355605E-1
 377.921163 1.283253E-1 378.117250 1.216890E-1 378.313338 1.155865E-1
 378.607469 1.073113E-1 378.901600 9.995012E-2 379.162008 9.409124E-2
 379.422415 8.877223E-2 379.682822 8.392893E-2 379.943229 7.950623E-2
 380.203637 7.545675E-2 380.464044 7.173963E-2 380.854655 6.671084E-2
 381.157594 6.320643E-2 381.503066 5.957663E-2 381.848537 5.629030E-2
 382.194009 5.330609E-2 382.539480 5.059022E-2 382.884952 4.811231E-2
 383.230423 4.584142E-2 383.748629 4.276976E-2 384.151680 4.062638E-2
 384.554730 3.867202E-2 384.957780 3.688520E-2 385.562355 3.447908E-2
 386.166930 3.235593E-2 386.771505 3.047303E-2 387.376080 2.879544E-2
 387.980655 2.729436E-2 388.585230 2.594587E-2 389.189805 2.472998E-2
 389.794380 2.362987E-2 390.427745 2.258636E-2 391.118687 2.156331E-2
 392.039944 2.035199E-2 392.961201 1.928553E-2 393.882458 1.834594E-2
 394.803716 1.751408E-2 395.724973 1.677423E-2 396.646230 1.611346E-2
 398.028116 1.524779E-2 399.410001 1.450708E-2 400.791887 1.386934E-2
 402.404087 1.323184E-2 404.131444 1.265584E-2 405.858801 1.216600E-2
 407.701315 1.172132E-2 409.543829 1.134431E-2 411.386344 1.102349E-2
 413.228858 1.074990E-2 415.992630 1.041403E-2 418.756402 1.014796E-2
 421.520173 9.942775E-3 424.283944 9.785826E-3 427.968973 9.641407E-3
 431.654001 9.558581E-3 435.339030 9.530215E-3 439.293618 9.555300E-3
 443.248205 9.633371E-3 447.472351 9.776079E-3 451.696498 9.982339E-3
 456.976681 1.033840E-2 460.144791 1.061207E-2 463.312901 1.094147E-2
 466.481010 1.133146E-2 469.649120 1.180026E-2 471.761193 1.216240E-2
 473.873266 1.257274E-2 475.985340 1.303979E-2 478.097413 1.357438E-2
 479.153449 1.386743E-2 481.265522 1.452736E-2 482.849578 1.509260E-2
 484.433633 1.573271E-2 486.017688 1.646012E-2 487.601742 1.729212E-2
 489.185797 1.825221E-2 490.373839 1.907357E-2 491.297871 1.978379E-2
 492.353908 2.068452E-2 493.409945 2.169623E-2 494.465981 2.283939E-2
 495.456015 2.405219E-2 496.380047 2.532180E-2 497.304079 2.676710E-2
 497.997103 2.798355E-2 498.690127 2.933095E-2 499.383151 3.082988E-2
 500.076175 3.250523E-2 500.769199 3.438732E-2 501.462223 3.651336E-2
 502.155247 3.892949E-2 502.815269 4.155290E-2 503.244284 4.345623E-2
 503.673299 4.553899E-2 504.102314 4.782276E-2 504.531329 5.033385E-2
 504.960344 5.311086E-2 505.389359 5.619833E-2 505.818373 5.964235E-2
 506.150477 6.258827E-2 506.482580 6.581267E-2 506.814684 6.935260E-2
 507.146787 7.325151E-2 507.478891 7.756069E-2 507.810994 8.234077E-2
 508.143097 8.766359E-2 508.475200 9.361514E-2 508.708300 9.822386E-2
 508.941400 1.032376E-1 509.174500 1.087071E-1 509.407600 1.146900E-1
 509.640700 1.212529E-1 509.873800 1.284732E-1 510.106900 1.364424E-1
 510.340000 1.452699E-1 510.589750 1.558300E-1 510.839500 1.677214E-1
 511.006000 1.765036E-1 511.172500 1.860647E-1 511.339000 1.965005E-1
 511.505500 2.079221E-1 511.672000 2.204594E-1 511.871800 2.371928E-1
 512.005000 2.495165E-1 512.138200 2.629014E-1 512.271400 2.774748E-1
 512.404600 2.933834E-1 512.537800 3.107976E-1 512.671000 3.299161E-1
 512.791713 3.489088E-1 512.899938 3.674554E-1 513.008163 3.876137E-1
 513.116388 4.095802E-1 513.224613 4.335836E-1 513.332838 4.598909E-1
 513.441063 4.888157E-1 513.549288 5.207282E-1 513.636700 5.489821E-1
 513.736600 5.843586E-1 513.836500 6.234858E-1 513.936400 6.669330E-1
 514.036300 7.153863E-1 514.136200 7.696808E-1 514.211125 8.148445E-1
 514.286050 8.643914E-1 514.360975 9.189467E-1 514.435900 9.792643E-1
 514.510825 1.046267E+0 514.585750 1.121102E+0 514.641944 1.183234E+0
 514.698138 1.251357E+0 514.762657 1.338211E+0 514.816769 1.419465E+0
 514.870882 1.509890E+0 514.924994 1.611311E+0 514.965579 1.696003E+0
 515.006163 1.789474E+0 515.046747 1.893291E+0 515.087332 2.009391E+0
 515.127916 2.140161E+0 515.168500 2.288560E+0 515.195557 2.399061E+0
 515.222613 2.520285E+0 515.249669 2.653709E+0 515.276725 2.801023E+0
 515.303782 2.964164E+0 515.330838 3.145323E+0 515.357894 3.347010E+0
 515.384950 3.572068E+0 515.404722 3.753150E+0 515.424494 3.949811E+0
 515.444266 4.163565E+0 515.464038 4.396058E+0 515.484851 4.663002E+0
 515.505663 4.954936E+0 515.525955 5.265986E+0 515.542605 5.542417E+0
 515.562898 5.907425E+0 515.582669 6.295245E+0 515.600360 6.671489E+0
 515.618051 7.077526E+0 515.635221 7.502208E+0 515.655513 8.045946E+0
 515.676326 8.654460E+0 515.697138 9.318635E+0 515.720032 1.011895E+1
 515.742925 1.099837E+1 515.763738 1.187211E+1 515.784550 1.282185E+1
 515.805363 1.385305E+1 515.826175 1.497112E+1 515.846988 1.618185E+1
 515.867800 1.749089E+1 515.888613 1.890422E+1 515.909425 2.042759E+1
 515.930238 2.206703E+1 515.951050 2.382823E+1 515.971863 2.571707E+1
 515.992675 2.773895E+1 516.014737 3.003358E+1 516.036798 3.248970E+1
 516.058859 3.511299E+1 516.080920 3.790845E+1 516.103398 4.093834E+1
 516.133368 4.526961E+1 516.163338 4.993973E+1 516.185815 5.366656E+1
 516.217450 5.923720E+1 516.250750 6.550662E+1 516.284050 7.217947E+1
 516.317350 7.923535E+1 516.367300 9.047256E+1 516.417250 1.023729E+2
 516.502165 1.236066E+2 516.610390 1.508647E+2 516.660340 1.627875E+2
 516.708625 1.735129E+2 516.753580 1.825438E+2 516.793540 1.896208E+2
 516.828505 1.949663E+2 516.866800 1.998132E+2 516.913420 2.041674E+2
 516.954046 2.064885E+2 516.996404 2.073900E+2 516.999467 2.073944E+2
 517.042624 2.065824E+2 517.084915 2.042242E+2 517.116550 2.014810E+2
 517.153180 1.973087E+2 517.196470 1.910953E+2 517.234765 1.845514E+2
 517.279720 1.757798E+2 517.329670 1.648969E+2 517.392940 1.498593E+2
 517.562770 1.071266E+2 517.612720 9.502625E+1 517.662670 8.352544E+1
 517.700965 7.520864E+1 517.733433 6.853993E+1 517.765900 6.224630E+1
 517.798368 5.634232E+1 517.830835 5.083668E+1 517.852480 4.738874E+1
 517.879120 4.338844E+1 517.905760 3.965342E+1 517.932400 3.617839E+1
 517.959040 3.295629E+1 517.985680 2.997865E+1 518.005660 2.790005E+1
 518.025640 2.594908E+1 518.045620 2.412103E+1 518.065600 2.241103E+1
 518.090575 2.043186E+1 518.115550 1.861924E+1 518.140525 1.696304E+1
 518.165500 1.545315E+1 518.182150 1.452288E+1 518.198800 1.365027E+1
 518.215450 1.283244E+1 518.232100 1.206658E+1 518.248750 1.134996E+1
 518.265400 1.067989E+1 518.282050 1.005379E+1 518.298700 9.469160E+0
 518.315350 8.923568E+0 518.332000 8.414689E+0 518.352813 7.826809E+0
 518.373625 7.288674E+0 518.394438 6.796307E+0 518.415250 6.346057E+0
 518.436063 5.934417E+0 518.456875 5.558185E+0 518.477688 5.214303E+0
 518.498500 4.899997E+0 518.519313 4.612634E+0 518.540125 4.349836E+0
 518.560938 4.109360E+0 518.581750 3.889189E+0 518.602563 3.687430E+0
 518.623375 3.502388E+0 518.644188 3.332480E+0 518.665000 3.176295E+0
 518.689975 3.005153E+0 518.714950 2.849877E+0 518.739925 2.708674E+0
 518.764900 2.579952E+0 518.789875 2.462303E+0 518.827338 2.303911E+0
 518.864800 2.164081E+0 518.902263 2.039840E+0 518.939725 1.928753E+0
 518.977188 1.828803E+0 519.014650 1.738344E+0 519.064600 1.630178E+0
 519.114550 1.533911E+0 519.164500 1.447542E+0 519.214450 1.369504E+0
 519.264400 1.298562E+0 519.331000 1.213337E+0 519.397600 1.137168E+0
 519.464200 1.068647E+0 519.530800 1.006672E+0 519.597400 9.503565E-1
 519.680650 8.868343E-1 519.763900 8.298906E-1 519.847150 7.786013E-1
 519.930400 7.322102E-1 520.013650 6.900898E-1 520.096900 6.517149E-1
 520.180150 6.166414E-1 520.263400 5.844913E-1 520.371625 5.465399E-1
 520.479850 5.123847E-1 520.588075 4.815257E-1 520.696300 4.535440E-1
 520.804525 4.280862E-1 520.912750 4.048525E-1 521.020975 3.835872E-1
 521.129200 3.640712E-1 521.262400 3.421761E-1 521.395600 3.223464E-1
 521.528800 3.043293E-1 521.662000 2.879098E-1 521.795200 2.729044E-1
 521.928400 2.591554E-1 522.061600 2.465266E-1 522.194800 2.348997E-1
 522.361300 2.216195E-1 522.527800 2.095721E-1 522.694300 1.986105E-1
 522.860800 1.886093E-1 523.027300 1.794609E-1 523.193800 1.710726E-1
 523.443550 1.597421E-1 523.651675 1.513027E-1 523.901425 1.422124E-1
 524.151175 1.341028E-1 524.400925 1.268414E-1 524.650675 1.203188E-1
 524.900425 1.144437E-1 525.150175 1.091377E-1 525.399925 1.043336E-1
 525.701669 9.911659E-2 526.055407 9.371119E-2 526.409144 8.896687E-2
 526.762882 8.479215E-2 527.116619 8.111183E-2 527.470357 7.786475E-2
 527.824094 7.499918E-2 528.177832 7.246673E-2 528.560790 7.005173E-2
 528.972968 6.778834E-2 529.385146 6.583677E-2 530.003413 6.342344E-2
 530.621680 6.154613E-2 531.239947 6.013252E-2 531.853188 5.913769E-2
 532.456375 5.851875E-2 533.059563 5.822749E-2 533.260625 5.819966E-2
 533.939212 5.835222E-2 534.617798 5.887687E-2 535.296384 5.977101E-2
 535.974969 6.104156E-2 536.653555 6.270507E-2 537.313282 6.472488E-2
 537.963579 6.713875E-2 538.613875 7.001505E-2 539.264173 7.341098E-2
 539.914469 7.739998E-2 540.348000 8.043316E-2 540.792000 8.388769E-2
 541.236000 8.773463E-2 541.680000 9.202640E-2 542.124000 9.682491E-2
 542.568000 1.021989E-1 543.012000 1.082300E-1 543.456000 1.150153E-1
 543.900000 1.226735E-1 544.316250 1.307804E-1 544.732500 1.399399E-1
 545.010000 1.467184E-1 545.287500 1.541063E-1 545.565000 1.621762E-1
 545.842500 1.710122E-1 546.120000 1.807123E-1 546.453000 1.936551E-1
 546.786000 2.082436E-1 547.008000 2.190232E-1 547.230000 2.307618E-1
 547.452000 2.435757E-1 547.674000 2.575995E-1 547.896000 2.729893E-1
 548.166563 2.938579E-1 548.346938 3.092378E-1 548.527313 3.259488E-1
 548.707688 3.441491E-1 548.888063 3.640233E-1 549.068438 3.857878E-1
 549.248813 4.096959E-1 549.404907 4.323429E-1 549.602625 4.640014E-1
 549.800344 4.994803E-1 549.932157 5.255659E-1 550.063969 5.538536E-1
 550.195782 5.845991E-1 550.327594 6.180963E-1 550.445532 6.506785E-1
 550.601625 6.980957E-1 550.757719 7.511249E-1 550.861782 7.900525E-1
 550.965844 8.322170E-1 551.069907 8.779970E-1 551.173969 9.278267E-1
 551.288438 9.879217E-1 551.413313 1.060695E+0 551.508704 1.122090E+0
 551.607563 1.191778E+0 551.718563 1.278424E+0 551.826094 1.372147E+0
 551.905875 1.448843E+0 552.003001 1.551682E+0 552.103594 1.670843E+0
 552.169500 1.756953E+0 552.238875 1.855443E+0 552.308250 1.963014E+0
 552.377625 2.080907E+0 552.447000 2.210613E+0 552.516375 2.353938E+0
 552.585750 2.513106E+0 552.655125 2.690897E+0 552.707157 2.838552E+0
 552.759188 3.000501E+0 552.811219 3.179014E+0 552.863250 3.376889E+0
 552.915282 3.597610E+0 552.967313 3.845518E+0 553.002000 4.028538E+0
 553.036688 4.228004E+0 553.071375 4.446185E+0 553.106063 4.685758E+0
 553.140750 4.949813E+0 553.175438 5.241982E+0 553.210125 5.566457E+0
 553.244813 5.928134E+0 553.279500 6.332637E+0 553.305516 6.668016E+0
 553.331532 7.034230E+0 553.357547 7.434693E+0 553.383563 7.873221E+0
 553.409579 8.353969E+0 553.435594 8.881489E+0 553.461610 9.460830E+0
 553.487625 1.009741E+1 553.513641 1.079720E+1 553.539657 1.156661E+1
 553.557000 1.212159E+1 553.584750 1.308580E+1 553.612500 1.415214E+1
 553.640250 1.533071E+1 553.661063 1.629475E+1 553.681875 1.733269E+1
 553.702688 1.844955E+1 553.723500 1.965035E+1 553.744313 2.094048E+1
 553.765125 2.232523E+1 553.792875 2.432845E+1 553.820625 2.652312E+1
 553.848375 2.892271E+1 553.876125 3.154067E+1 553.903875 3.439026E+1
 553.931625 3.748439E+1 553.959375 4.083535E+1 553.987125 4.445463E+1
 554.013488 4.815104E+1 554.038463 5.189198E+1 554.063438 5.587126E+1
 554.088413 6.009324E+1 554.125875 6.688717E+1 554.163338 7.423679E+1
 554.200800 8.213578E+1 554.239650 9.089041E+1 554.278500 1.001876E+2
 554.317350 1.099823E+2 554.370075 1.239617E+2 554.453325 1.471864E+2
 554.578200 1.825900E+2 554.644800 2.004482E+2 554.703075 2.147472E+2
 554.753025 2.256318E+2 554.794650 2.335162E+2 554.836275 2.401632E+2
 554.874015 2.450125E+2 554.920080 2.492975E+2 554.964480 2.516372E+2
 554.999445 2.522057E+2 555.035520 2.516052E+2 555.079920 2.492265E+2
 555.125985 2.449034E+2 555.174825 2.383739E+2 555.216450 2.313568E+2
 555.266400 2.213721E+2 555.324675 2.079077E+2 555.388500 1.914487E+2
 555.460650 1.714743E+2 555.598013 1.325395E+2 555.652125 1.178153E+2
 555.699300 1.055739E+2 555.743700 9.467721E+1 555.777000 8.695095E+1
 555.810300 7.963412E+1 555.843600 7.274294E+1 555.878288 6.602722E+1
 555.903263 6.148642E+1 555.928238 5.719135E+1 555.953213 5.313952E+1
 555.978188 4.932702E+1 556.003163 4.574866E+1 556.028138 4.239817E+1
 556.053113 3.926832E+1 556.082250 3.588508E+1 556.107225 3.320506E+1
 556.132200 3.071845E+1 556.157175 2.841574E+1 556.182150 2.628726E+1
 556.207125 2.432322E+1 556.232100 2.251386E+1 556.257075 2.084948E+1
 556.282050 1.932060E+1 556.307025 1.791793E+1 556.332000 1.663250E+1
 556.352813 1.564459E+1 556.373625 1.472733E+1 556.394438 1.387600E+1
 556.415250 1.308627E+1 556.436063 1.235386E+1 556.456875 1.167480E+1
 556.477688 1.104526E+1 556.498500 1.046167E+1 556.519313 9.920617E+0
 556.550532 9.181916E+0 556.581750 8.521934E+0 556.612969 7.931663E+0
 556.644188 7.403064E+0 556.677141 6.904052E+0 556.701423 6.570745E+0
 556.737844 6.119039E+0 556.774266 5.718086E+0 556.810688 5.360903E+0
 556.847110 5.041478E+0 556.883532 4.754659E+0 556.919954 4.496040E+0
 556.956375 4.261874E+0 556.992798 4.048943E+0 557.029219 3.854552E+0
 557.069110 3.660170E+0 557.115938 3.453369E+0 557.162766 3.266420E+0
 557.209594 3.096515E+0 557.272032 2.892567E+0 557.334469 2.710499E+0
 557.396907 2.546883E+0 557.459344 2.399016E+0 557.521782 2.264716E+0
 557.594625 2.122841E+0 557.636250 2.048084E+0 557.719500 1.910649E+0
 557.802750 1.787340E+0 557.886000 1.676180E+0 557.969250 1.575548E+0
 558.052500 1.484100E+0 558.135750 1.400708E+0 558.219000 1.324422E+0
 558.316125 1.243324E+0 558.413250 1.169709E+0 558.510375 1.102657E+0
 558.607500 1.041394E+0 558.704625 9.852560E-1 558.801750 9.336770E-1
 558.898875 8.861675E-1 558.996000 8.423037E-1 559.120875 7.906759E-1
 559.245750 7.437943E-1 559.370625 7.010876E-1 559.495500 6.620688E-1
 559.620375 6.263208E-1 559.745250 5.934841E-1 559.870125 5.632482E-1
 559.995000 5.353432E-1 560.147625 5.040618E-1 560.300250 4.755420E-1
 560.452875 4.494666E-1 560.605500 4.255633E-1 560.758125 4.035961E-1
 560.910750 3.833596E-1 561.139688 3.558628E-1 561.313125 3.370397E-1
 561.507375 3.177547E-1 561.701625 3.001528E-1 561.895875 2.840434E-1
 562.090125 2.692630E-1 562.284375 2.556704E-1 562.478625 2.431420E-1
 562.770000 2.261123E-1 563.014126 2.132751E-1 563.258251 2.015786E-1
 563.502376 1.908920E-1 563.746501 1.811026E-1 563.990627 1.721120E-1
 564.356815 1.599392E-1 564.723002 1.491300E-1 565.042904 1.406486E-1
 565.362806 1.329497E-1 565.682708 1.259406E-1 566.002609 1.195417E-1
 566.322511 1.136845E-1 566.642412 1.083097E-1 567.122265 1.010418E-1
 567.514921 9.571441E-2 567.980332 9.002534E-2 568.445743 8.492931E-2
 568.911153 8.034744E-2 569.376564 7.620798E-2 569.841974 7.245484E-2
 570.307385 6.904437E-2 570.772795 6.593784E-2 571.465800 6.180284E-2
 572.156250 5.818461E-2 572.846700 5.499100E-2 573.537150 5.216006E-2
 574.227600 4.964126E-2 574.946819 4.730977E-2 575.723575 4.507963E-2
 576.500332 4.309000E-2 577.277088 4.131729E-2 578.312763 3.924618E-2
 579.290900 3.755165E-2 580.211500 3.615423E-2 581.132100 3.492186E-2
 582.513000 3.333677E-2 583.893900 3.201733E-2 585.274800 3.091813E-2
 586.770775 2.993502E-2 588.496900 2.902556E-2 590.223025 2.832652E-2
 591.719000 2.784613E-2 593.560200 2.740228E-2 595.401400 2.710003E-2
 597.242600 2.692038E-2 599.083800 2.684648E-2 601.385300 2.689946E-2
 603.686800 2.707209E-2 606.448600 2.745041E-2 609.210400 2.798784E-2
 611.972200 2.868318E-2 614.734000 2.952673E-2 617.495800 3.052565E-2
 620.257600 3.167781E-2 623.019400 3.299753E-2 625.781200 3.448882E-2
 628.543000 3.617365E-2 631.304800 3.806226E-2 634.066600 4.018609E-2
 636.828400 4.256293E-2 639.590200 4.523715E-2 642.352000 4.823690E-2
 645.113800 5.162528E-2 646.955000 5.412250E-2 648.796200 5.683627E-2
 650.637400 5.979016E-2 652.478600 6.299095E-2 654.319800 6.650966E-2
 656.161000 7.036425E-2 658.002200 7.459105E-2 659.785863 7.909836E-2
 661.511988 8.389075E-2 663.353188 8.953526E-2 664.877932 9.468064E-2
 666.719132 1.015440E-1 668.301413 1.080894E-1 669.970000 1.157363E-1
 671.638588 1.242623E-1 673.192100 1.331112E-1 674.342850 1.403122E-1
 675.493600 1.481339E-1 676.644350 1.566495E-1 677.795100 1.659449E-1
 678.830775 1.750617E-1 679.866450 1.849651E-1 680.902125 1.957527E-1
 681.937800 2.075344E-1 682.973475 2.204360E-1 684.009150 2.346040E-1
 685.044825 2.502095E-1 686.080500 2.674536E-1 687.116175 2.865739E-1
 688.151850 3.078528E-1 688.928607 3.254288E-1 689.705363 3.445716E-1
 690.223200 3.582969E-1 691.143800 3.848425E-1 691.834250 4.067400E-1
 692.524700 4.305917E-1 693.215150 4.566335E-1 693.905600 4.851310E-1
 694.596050 5.164044E-1 695.286500 5.508262E-1 695.976950 5.888330E-1
 696.667400 6.309400E-1 697.357850 6.777578E-1 698.048300 7.300151E-1
 698.508600 7.683001E-1 698.968900 8.096902E-1 699.429200 8.545295E-1
 699.889500 9.032115E-1 700.349800 9.561866E-1 700.810100 1.013974E+0
 701.270400 1.077171E+0 701.822760 1.161136E+0 702.191000 1.222692E+0
 702.559240 1.289275E+0 702.927480 1.361445E+0 703.295720 1.439826E+0
 703.663960 1.525124E+0 704.032200 1.618155E+0 704.446470 1.733310E+0
 704.791695 1.838944E+0 705.136920 1.954565E+0 705.482145 2.081435E+0
 705.827370 2.221019E+0 706.172595 2.375044E+0 706.517820 2.545547E+0
 706.863045 2.734937E+0 707.208270 2.946074E+0 707.553495 3.182372E+0
 707.783645 3.355874E+0 708.002288 3.534018E+0 708.312990 3.812266E+0
 708.520125 4.016150E+0 708.727260 4.236565E+0 708.934395 4.475308E+0
 709.141530 4.734420E+0 709.348665 5.016227E+0 709.555800 5.323381E+0
 709.739920 5.620133E+0 709.924040 5.941736E+0 710.108160 6.290938E+0
 710.292280 6.670853E+0 710.476400 7.085019E+0 710.660520 7.537465E+0
 710.844640 8.032797E+0 711.028760 8.576303E+0 711.235895 9.252945E+0
 711.443030 1.000838E+1 711.581120 1.056152E+1 711.719210 1.115887E+1
 711.857300 1.180481E+1 711.995390 1.250421E+1 712.133480 1.326243E+1
 712.306093 1.430195E+1 712.478705 1.545539E+1 712.651318 1.673697E+1
 712.823930 1.816227E+1 712.939005 1.920061E+1 713.105864 2.084362E+1
 713.261215 2.253223E+1 713.416567 2.438712E+1 713.571918 2.641982E+1
 713.727269 2.863953E+1 713.882620 3.105155E+1 714.031067 3.353566E+1
 714.228996 3.710636E+1 714.426925 4.093181E+1 714.950516 5.156701E+1
 715.157651 5.551545E+1 715.318756 5.825668E+1 715.456846 6.027806E+1
 715.594936 6.192237E+1 715.733026 6.312901E+1 715.871116 6.385144E+1
 715.996318 6.406346E+1 716.119678 6.385281E+1 716.220944 6.337295E+1
 716.359034 6.229275E+1 716.497124 6.076053E+1 716.635214 5.883347E+1
 716.773304 5.657944E+1 716.957424 5.319301E+1 717.233604 4.764945E+1
 717.601844 4.017281E+1 717.792869 3.651442E+1 717.941316 3.383890E+1
 718.089762 3.132981E+1 718.238209 2.899553E+1 718.386656 2.683747E+1
 718.537404 2.482236E+1 718.692755 2.292356E+1 718.848107 2.119427E+1
 719.003458 1.962198E+1 719.158809 1.819367E+1 719.314160 1.689643E+1
 719.452250 1.584334E+1 719.590340 1.487584E+1 719.728430 1.398628E+1
 719.866520 1.316762E+1 720.004610 1.241337E+1 720.142700 1.171761E+1
 720.280790 1.107499E+1 720.418880 1.048064E+1 720.579985 9.842433E+0
 720.741090 9.257803E+0 720.902195 8.721275E+0 721.063300 8.228016E+0
 721.224405 7.773745E+0 721.385510 7.354667E+0 721.546615 6.967404E+0
 721.707720 6.608952E+0 721.891840 6.231145E+0 722.075960 5.883935E+0
 722.260080 5.564204E+0 722.444200 5.269212E+0 722.628320 4.996535E+0
 722.904500 4.624746E+0 723.180680 4.292178E+0 723.410830 4.041204E+0
 723.640980 3.811245E+0 723.871130 3.600059E+0 724.101280 3.405690E+0
 724.331430 3.226431E+0 724.561580 3.060784E+0 724.906805 2.835014E+0
 725.171478 2.678297E+0 725.470673 2.516202E+0 725.769868 2.368275E+0
 726.069063 2.232859E+0 726.368258 2.108553E+0 726.667453 1.994187E+0
 726.966648 1.888764E+0 727.265843 1.791401E+0 727.599560 1.691355E+0
 727.967800 1.590311E+0 728.336040 1.497994E+0 728.704280 1.413432E+0
 729.072520 1.335786E+0 729.440760 1.264325E+0 729.809000 1.198414E+0
 730.177240 1.137494E+0 730.568495 1.077690E+0 730.982765 1.019338E+0
 731.397035 9.655731E-1 731.811305 9.159300E-1 732.432710 8.483117E-1
 733.054115 7.878777E-1 733.675520 7.336486E-1 734.227880 6.899895E-1
 734.780240 6.501014E-1 735.332600 6.135903E-1 735.884960 5.801219E-1
 736.437320 5.493132E-1 736.989680 5.208273E-1 737.818220 4.820190E-1
 738.669775 4.464564E-1 739.532838 4.142253E-1 740.395900 3.853679E-1
 741.258963 3.594863E-1 742.122025 3.361374E-1 742.985088 3.149409E-1
 743.848150 2.956637E-1 744.711213 2.780969E-1 745.574275 2.620450E-1
 746.437338 2.473390E-1 747.300400 2.338328E-1 748.451150 2.174742E-1
 749.601900 2.027684E-1 750.752650 1.895005E-1 751.903400 1.774892E-1
 753.054150 1.665812E-1 754.204900 1.566455E-1 755.355650 1.475701E-1
 756.506400 1.392588E-1 757.657150 1.316282E-1 758.807900 1.246062E-1
 759.958650 1.181298E-1 761.109400 1.121440E-1 762.835525 1.039815E-1
 764.561650 9.667643E-2 766.402850 8.969974E-2 767.783750 8.497448E-2
 769.164650 8.059979E-2 771.236000 7.462694E-2 773.307350 6.929511E-2
 775.378700 6.451527E-2 777.450050 6.021268E-2 779.521400 5.632500E-2
 781.592750 5.280034E-2 783.664100 4.959534E-2 785.735450 4.667327E-2
 787.806800 4.400246E-2 789.878150 4.155516E-2 791.949500 3.930692E-2
 794.711300 3.658165E-2 797.473100 3.413010E-2 800.234900 3.191740E-2
 802.996700 2.991314E-2 805.758500 2.809235E-2 808.520300 2.643305E-2
 811.282100 2.491700E-2 814.043900 2.352798E-2 817.266000 2.204963E-2
 819.107200 2.126938E-2 822.789600 1.982672E-2 826.472000 1.852445E-2
 830.154400 1.734707E-2 833.836800 1.627916E-2 837.519200 1.530757E-2
 841.201600 1.442110E-2 844.884000 1.361011E-2 848.566400 1.286630E-2
 852.248800 1.218245E-2 855.931200 1.155232E-2 859.613600 1.097043E-2
 863.296000 1.043201E-2 866.978400 9.932837E-3 872.502000 9.251532E-3
 878.025600 8.635800E-3 883.549200 8.083585E-3 889.072800 7.581223E-3
 894.596400 7.127554E-3 901.040600 6.648526E-3 905.643600 6.334950E-3
 911.167200 5.988921E-3 916.690800 5.671413E-3 922.214400 5.379401E-3
 927.738000 5.110254E-3 933.261600 4.861672E-3 938.785200 4.631638E-3
 944.308800 4.418483E-3 951.673600 4.157646E-3 959.038400 3.920525E-3
 966.403200 3.704487E-3 973.768000 3.507172E-3 981.132800 3.326543E-3
 988.497600 3.160842E-3 995.862400 3.008538E-3 1003.22720 2.868368E-3
 1013.30088 2.694062E-3 1023.37456 2.537556E-3 1033.44824 2.396783E-3
 1043.52192 2.269948E-3 1053.59560 2.155530E-3 1063.66928 2.052251E-3
 1073.74296 1.959031E-3 1083.81663 1.874964E-3 1093.89031 1.799292E-3
 1103.96399 1.731392E-3 1114.03767 1.670765E-3 1124.11134 1.617022E-3
 1134.18502 1.569887E-3 1144.25870 1.529197E-3 1154.33238 1.494904E-3
 1164.40605 1.467090E-3 1174.47973 1.445988E-3 1184.55341 1.432012E-3
 1194.62709 1.425803E-3 1204.70077 1.428298E-3 1214.77445 1.440742E-3
 1222.32971 1.457978E-3 1229.88497 1.482582E-3 1237.44023 1.516931E-3
 1242.47707 1.545647E-3 1247.51390 1.579964E-3 1252.55074 1.620739E-3
 1257.58758 1.669026E-3 1260.10600 1.695736E-3 1265.14284 1.757731E-3
 1270.80929 1.840919E-3 1274.58692 1.906157E-3 1278.36455 1.980644E-3
 1282.14218 2.065865E-3 1285.91980 2.163785E-3 1289.69743 2.276759E-3
 1292.53065 2.373128E-3 1295.36387 2.481271E-3 1298.19710 2.603127E-3
 1301.03032 2.741018E-3 1303.86354 2.897754E-3 1305.75236 3.014090E-3
 1307.64117 3.141802E-3 1310.47439 3.356850E-3 1312.83542 3.561984E-3
 1315.19643 3.796206E-3 1316.77044 3.970837E-3 1318.34446 4.162536E-3
 1319.91847 4.373635E-3 1321.49248 4.606892E-3 1323.06649 4.865587E-3
 1324.67313 5.159968E-3 1326.27976 5.490077E-3 1327.88640 5.861863E-3
 1329.09138 6.172566E-3 1330.22581 6.493805E-3 1331.32497 6.835224E-3
 1332.42412 7.210070E-3 1333.52328 7.621621E-3 1334.62243 8.077325E-3
 1335.72159 8.584786E-3 1336.82075 9.150841E-3 1337.91991 9.784921E-3
 1339.01907 1.049864E-2 1339.75184 1.102561E-2 1340.48461 1.159924E-2
 1341.21738 1.222534E-2 1341.86874 1.283136E-2 1342.52009 1.348960E-2
 1343.17144 1.420638E-2 1343.82279 1.498899E-2 1344.47415 1.584589E-2
 1345.12550 1.678682E-2 1345.77685 1.782293E-2 1346.42820 1.896755E-2
 1347.14250 2.036775E-2 1347.61870 2.139815E-2 1348.09490 2.251639E-2
 1348.57110 2.373258E-2 1349.04730 2.505842E-2 1349.52350 2.650742E-2
 1349.99970 2.809543E-2 1350.43126 2.967049E-2 1350.81818 3.120659E-2
 1351.20509 3.287405E-2 1351.59200 3.468838E-2 1351.97891 3.666722E-2
 1352.36583 3.883100E-2 1352.75274 4.120353E-2 1353.13965 4.381322E-2
 1353.48192 4.634638E-2 1353.77954 4.874238E-2 1354.07717 5.133969E-2
 1354.37479 5.416151E-2 1354.67242 5.723485E-2 1354.97004 6.059049E-2
 1355.26767 6.426468E-2 1355.56529 6.829920E-2 1355.83315 7.227907E-2
 1356.07125 7.612911E-2 1356.30935 8.030843E-2 1356.54745 8.485611E-2
 1356.78555 8.981725E-2 1357.02365 9.524403E-2 1357.26175 1.011972E-1
 1357.49985 1.077478E-1 1357.70819 1.140352E-1 1357.97605 1.229920E-1
 1358.15463 1.295844E-1 1358.33320 1.367408E-1 1358.51178 1.445299E-1
 1358.69035 1.530297E-1 1358.86893 1.623326E-1 1359.04750 1.725446E-1
 1359.19632 1.818404E-1 1359.34513 1.919389E-1 1359.49394 2.029385E-1
 1359.64275 2.149530E-1 1359.79157 2.281157E-1 1359.94038 2.425809E-1
 1360.08919 2.585336E-1 1360.23800 2.761937E-1 1360.35705 2.917272E-1
 1360.47610 3.086823E-1 1360.59515 3.272483E-1 1360.71420 3.476500E-1
 1360.83325 3.701574E-1 1360.95230 3.950990E-1 1361.07135 4.228813E-1
 1361.16064 4.458860E-1 1361.23505 4.666876E-1 1361.32434 4.938851E-1
 1361.41363 5.238980E-1 1361.50291 5.572190E-1 1361.59220 5.944901E-1
 1361.65917 6.255194E-1 1361.72613 6.596549E-1 1361.79310 6.974408E-1
 1361.86006 7.395233E-1 1361.92331 7.839540E-1 1361.97911 8.276026E-1
 1362.03492 8.761536E-1 1362.09073 9.304253E-1 1362.14653 9.913877E-1
 1362.20233 1.060213E+0 1362.23954 1.111147E+0 1362.27674 1.166634E+0
 1362.31394 1.227206E+0 1362.35114 1.293439E+0 1362.38835 1.365991E+0
 1362.42555 1.445531E+0 1362.46275 1.532856E+0 1362.49995 1.628824E+0
 1362.54181 1.748326E+0 1362.58366 1.881411E+0 1362.62552 2.029772E+0
 1362.66737 2.195126E+0 1362.70922 2.379463E+0 1362.73713 2.513995E+0
 1362.76503 2.658537E+0 1362.79293 2.813846E+0 1362.82083 2.980670E+0
 1362.84874 3.159858E+0 1362.87664 3.352102E+0 1362.90454 3.558318E+0
 1362.93244 3.779396E+0 1362.96407 4.049172E+0 1362.99941 4.376304E+0
 1363.03475 4.732523E+0 1363.07009 5.119915E+0 1363.10637 5.552294E+0
 1363.14357 6.034591E+0 1363.18263 6.586281E+0 1363.21984 7.157723E+0
 1363.25518 7.744335E+0 1363.29238 8.410515E+0 1363.32214 8.981107E+0
 1363.36642 9.894963E+0 1363.40325 1.071671E+1 1363.44901 1.181914E+1
 1363.48510 1.275452E+1 1363.52676 1.390883E+1 1363.56248 1.496365E+1
 1363.60712 1.636798E+1 1363.65176 1.786909E+1 1363.69641 1.946777E+1
 1363.74105 2.116276E+1 1363.80058 2.357061E+1 1363.86010 2.614002E+1
 1363.93451 2.956311E+1 1364.02379 3.393831E+1 1364.14284 4.010499E+1
 1364.35118 5.113292E+1 1364.44047 5.562809E+1 1364.52678 5.965359E+1
 1364.60714 6.300765E+1 1364.66964 6.529058E+1 1364.72024 6.689892E+1
 1364.77976 6.848795E+1 1364.83631 6.967134E+1 1364.88869 7.046745E+1
 1364.95000 7.101824E+1 1365.00000 7.115641E+1 1365.06072 7.094591E+1
 1365.12501 7.027529E+1 1365.17858 6.937423E+1 1365.23810 6.802439E+1
 1365.30953 6.595193E+1 1365.37204 6.377030E+1 1365.44644 6.078299E+1
 1365.52978 5.701941E+1 1365.61906 5.262061E+1 1365.76490 4.497586E+1
 1365.92859 3.633720E+1 1366.00598 3.242264E+1 1366.08038 2.883646E+1
 1366.13991 2.611864E+1 1366.19943 2.355236E+1 1366.25301 2.138038E+1
 1366.31105 1.918155E+1 1366.34974 1.780645E+1 1366.38843 1.650428E+1
 1366.42712 1.527479E+1 1366.46581 1.411722E+1 1366.50450 1.303039E+1
 1366.54765 1.189981E+1 1366.58337 1.102713E+1 1366.61908 1.021008E+1
 1366.65480 9.446328E+0 1366.69051 8.734249E+0 1366.72623 8.071301E+0
 1366.76194 7.455626E+0 1366.79766 6.884597E+0 1366.83337 6.356216E+0
 1366.86909 5.867863E+0 1366.90480 5.417496E+0 1366.93457 5.069314E+0
 1366.96433 4.744642E+0 1366.99409 4.442081E+0 1367.02385 4.160385E+0
 1367.05362 3.898256E+0 1367.08338 3.654692E+0 1367.11314 3.428468E+0
 1367.14290 3.218491E+0 1367.17267 3.023648E+0 1367.20243 2.843067E+0
 1367.23219 2.675723E+0 1367.26195 2.520704E+0 1367.29172 2.377101E+0
 1367.32148 2.244191E+0 1367.35124 2.121153E+0 1367.38100 2.007258E+0
 1367.41821 1.876677E+0 1367.45541 1.758112E+0 1367.49262 1.650355E+0
 1367.52982 1.552418E+0 1367.56703 1.463288E+0 1367.60423 1.382140E+0
 1367.64143 1.308155E+0 1367.67863 1.240612E+0 1367.71584 1.178844E+0
 1367.75304 1.122297E+0 1367.80884 1.046087E+0 1367.86465 9.788256E-1
 1367.92045 9.192073E-1 1367.97625 8.660940E-1 1368.04322 8.096110E-1
 1368.11019 7.597794E-1 1368.17716 7.154967E-1 1368.24412 6.758751E-1
 1368.31108 6.401839E-1 1368.37805 6.078313E-1 1368.46734 5.690848E-1
 1368.55663 5.345445E-1 1368.64591 5.035207E-1 1368.75008 4.710489E-1
 1368.83937 4.459300E-1 1368.92865 4.229674E-1 1369.04770 3.952400E-1
 1369.16675 3.703546E-1 1369.28580 3.479040E-1 1369.40485 3.275593E-1
 1369.52390 3.090500E-1 1369.64295 2.921511E-1 1369.77689 2.748291E-1
 1369.91082 2.590808E-1 1370.04475 2.447142E-1 1370.17868 2.315678E-1
 1370.31261 2.195037E-1 1370.44654 2.084039E-1 1370.64744 1.933418E-1
 1370.80369 1.827829E-1 1370.98227 1.717930E-1 1371.16084 1.618159E-1
 1371.33942 1.527282E-1 1371.51799 1.444269E-1 1371.69657 1.368218E-1
 1371.87514 1.298369E-1 1372.05372 1.234053E-1 1372.26205 1.165258E-1
 1372.50015 1.093902E-1 1372.73825 1.029356E-1 1372.97635 9.707836E-2
 1373.21445 9.174757E-2 1373.45255 8.688259E-2 1373.69065 8.243132E-2
 1373.92875 7.834878E-2 1374.19662 7.414822E-2 1374.49424 6.991271E-2
 1374.79187 6.607739E-2 1375.08949 6.259495E-2 1375.38712 5.942457E-2
 1375.68474 5.653170E-2 1375.98237 5.388620E-2 1376.42880 5.032631E-2
 1376.84548 4.738856E-2 1377.26215 4.477131E-2 1377.67883 4.243277E-2
 1378.09550 4.033854E-2 1378.51218 3.845984E-2 1378.92885 3.677264E-2
 1379.34553 3.525625E-2 1379.76220 3.389283E-2 1380.33417 3.224199E-2
 1380.90614 3.081625E-2 1381.47811 2.958879E-2 1382.05007 2.853800E-2
 1382.62204 2.764602E-2 1383.19400 2.689855E-2 1383.76597 2.628465E-2
 1384.33793 2.579543E-2 1384.91253 2.542071E-2 1385.48712 2.515583E-2
 1386.06172 2.499713E-2 1386.63631 2.494325E-2 1387.30843 2.501294E-2
 1387.98054 2.522673E-2 1388.65265 2.558797E-2 1389.32476 2.610542E-2
 1389.99687 2.679287E-2 1390.66898 2.766518E-2 1391.34109 2.874078E-2
 1391.84518 2.969570E-2 1392.49810 3.114487E-2 1392.98299 3.239500E-2
 1393.46789 3.381294E-2 1393.95278 3.542035E-2 1394.43768 3.724312E-2
 1394.92257 3.931154E-2 1395.40746 4.166178E-2 1395.77113 4.363556E-2
 1396.20092 4.623511E-2 1396.66378 4.940687E-2 1396.97235 5.176775E-2
 1397.28092 5.435283E-2 1397.58949 5.718926E-2 1397.89806 6.030849E-2
 1398.20662 6.374713E-2 1398.49315 6.726390E-2 1398.75764 7.082243E-2
 1399.02213 7.471867E-2 1399.28661 7.899539E-2 1399.55110 8.370304E-2
 1399.81559 8.890020E-2 1400.08008 9.465606E-2 1400.34456 1.010523E-1
 1400.57231 1.071479E-1 1400.76333 1.127361E-1 1400.95435 1.188120E-1
 1401.14537 1.254342E-1 1401.33639 1.326711E-1 1401.52741 1.406021E-1
 1401.71843 1.493204E-1 1401.90945 1.589356E-1 1402.07842 1.682920E-1
 1402.22536 1.771632E-1 1402.37230 1.868021E-1 1402.51924 1.973019E-1
 1402.66617 2.087702E-1 1402.81311 2.213348E-1 1402.96005 2.351434E-1
 1403.10699 2.503719E-1 1403.23923 2.654630E-1 1403.35678 2.801315E-1
 1403.47433 2.961362E-1 1403.59188 3.136543E-1 1403.70943 3.328970E-1
 1403.82698 3.541177E-1 1403.94453 3.776263E-1 1404.06208 4.038068E-1
 1404.16861 4.302454E-1 1404.26412 4.565298E-1 1404.35963 4.856904E-1
 1404.45514 5.182671E-1 1404.52677 5.453538E-1 1404.59840 5.751243E-1
 1404.67004 6.080442E-1 1404.74167 6.446770E-1 1404.81330 6.857412E-1
 1404.88493 7.321289E-1 1404.94004 7.721332E-1 1404.99514 8.165526E-1
 1405.05024 8.661255E-1 1405.10534 9.217180E-1 1405.16045 9.843645E-1
 1405.21555 1.055246E+0 1405.25228 1.107764E+0 1405.28902 1.165061E+0
 1405.32575 1.227632E+0 1405.36249 1.296093E+0 1405.39922 1.371049E+0
 1405.43595 1.453224E+0 1405.47268 1.543391E+0 1405.51677 1.663382E+0
 1405.56085 1.797697E+0 1405.59023 1.896063E+0 1405.61962 2.002203E+0
 1405.64901 2.116694E+0 1405.67840 2.240184E+0 1405.70778 2.373313E+0
 1405.73717 2.516897E+0 1405.76656 2.671658E+0 1405.79595 2.838402E+0
 1405.82533 3.017911E+0 1405.85472 3.211195E+0 1405.88411 3.419118E+0
 1405.91350 3.642644E+0 1405.94288 3.882687E+0 1405.97227 4.140447E+0
 1406.00166 4.416910E+0 1406.03105 4.713176E+0 1406.06043 5.030254E+0
 1406.08982 5.369509E+0 1406.11921 5.732001E+0 1406.14860 6.118909E+0
 1406.17798 6.531274E+0 1406.21932 7.157118E+0 1406.26064 7.838912E+0
 1406.30380 8.614615E+0 1406.33502 9.218179E+0 1406.36863 9.909451E+0
 1406.41235 1.087549E+1 1406.45643 1.192887E+1 1406.49537 1.292793E+1
 1406.53798 1.409678E+1 1406.58059 1.534623E+1 1406.62467 1.672476E+1
 1406.67757 1.849515E+1 1406.72459 2.017447E+1 1406.78337 2.241094E+1
 1406.84214 2.479349E+1 1406.90092 2.731345E+1 1406.98908 3.132038E+1
 1407.07724 3.554625E+1 1407.34173 4.868416E+1 1407.42989 5.286032E+1
 1407.51805 5.673483E+1 1407.59740 5.986314E+1 1407.66205 6.209944E+1
 1407.72964 6.408891E+1 1407.78842 6.549762E+1 1407.84425 6.653692E+1
 1407.92007 6.745518E+1 1407.98719 6.777621E+1 1408.00000 6.778417E+1
 1408.05642 6.761552E+1 1408.12284 6.699530E+1 1408.19984 6.572291E+1
 1408.25861 6.437272E+1 1408.32914 6.235247E+1 1408.39967 5.993966E+1
 1408.47608 5.694463E+1 1408.56131 5.322613E+1 1408.65828 4.864655E+1
 1408.92865 3.522795E+1 1409.00800 3.143006E+1 1409.09322 2.754857E+1
 1409.16669 2.440690E+1 1409.22547 2.204824E+1 1409.26954 2.037624E+1
 1409.32465 1.840594E+1 1409.37975 1.657244E+1 1409.43485 1.487602E+1
 1409.47159 1.382048E+1 1409.50832 1.282480E+1 1409.54506 1.188734E+1
 1409.58693 1.088855E+1 1409.62220 1.010304E+1 1409.65746 9.367110E+0
 1409.69273 8.678605E+0 1409.72799 8.036081E+0 1409.76326 7.437254E+0
 1409.79852 6.880480E+0 1409.83379 6.363421E+0 1409.86905 5.884326E+0
 1409.90432 5.440875E+0 1409.93958 5.031283E+0 1409.96897 4.714201E+0
 1409.99836 4.418013E+0 1410.02775 4.141597E+0 1410.05713 3.883943E+0
 1410.08652 3.643812E+0 1410.11591 3.420263E+0 1410.14530 3.212298E+0
 1410.17468 3.019020E+0 1410.20407 2.839375E+0 1410.23346 2.672548E+0
 1410.26285 2.517694E+0 1410.29223 2.374057E+0 1410.32162 2.240775E+0
 1410.35101 2.117174E+0 1410.38040 2.002569E+0 1410.40978 1.896348E+0
 1410.44652 1.774335E+0 1410.48325 1.663341E+0 1410.51999 1.562284E+0
 1410.55672 1.470279E+0 1410.59346 1.386413E+0 1410.63019 1.309944E+0
 1410.66693 1.240111E+0 1410.70366 1.176299E+0 1410.74040 1.117880E+0
 1410.77713 1.064347E+0 1410.83224 9.921126E-1 1410.88734 9.283280E-1
 1410.94244 8.717494E-1 1410.99753 8.213393E-1 1411.04529 7.819308E-1
 1411.09304 7.459962E-1 1411.16468 6.976673E-1 1411.23631 6.550015E-1
 1411.30794 6.170333E-1 1411.37957 5.829960E-1 1411.45121 5.522708E-1
 1411.52284 5.243721E-1 1411.61835 4.908833E-1 1411.71385 4.609658E-1
 1411.82038 4.311033E-1 1411.87915 4.159943E-1 1411.99670 3.882845E-1
 1412.11425 3.634769E-1 1412.23180 3.411393E-1 1412.34935 3.209268E-1
 1412.46690 3.025595E-1 1412.58445 2.858059E-1 1412.70200 2.704729E-1
 1412.84894 2.530574E-1 1412.99588 2.373408E-1 1413.14282 2.231018E-1
 1413.28975 2.101560E-1 1413.43669 1.983458E-1 1413.58363 1.875394E-1
 1413.73057 1.776238E-1 1413.87750 1.685019E-1 1414.05383 1.584842E-1
 1414.23015 1.493637E-1 1414.40648 1.410334E-1 1414.58280 1.334035E-1
 1414.75913 1.263952E-1 1414.93545 1.199423E-1 1415.19994 1.111779E-1
 1415.40565 1.050283E-1 1415.64075 9.862324E-2 1415.87585 9.280424E-2
 1416.11095 8.750134E-2 1416.34605 8.265478E-2 1416.58115 7.821326E-2
 1416.81625 7.413248E-2 1417.05135 7.037408E-2 1417.31584 6.648976E-2
 1417.60972 6.255301E-2 1417.90359 5.896897E-2 1418.19747 5.569619E-2
 1418.49134 5.269959E-2 1418.78522 4.994861E-2 1419.07909 4.741715E-2
 1419.51990 4.398208E-2 1419.90194 4.131210E-2 1420.28398 3.888946E-2
 1420.66602 3.668392E-2 1421.04805 3.467009E-2 1421.43009 3.282627E-2
 1421.81213 3.113402E-2 1422.19417 2.957720E-2 1422.57620 2.814162E-2
 1423.04640 2.652266E-2 1423.51660 2.504809E-2 1423.98680 2.370098E-2
 1424.45700 2.246702E-2 1424.92720 2.133390E-2 1425.39740 2.029080E-2
 1426.10270 1.887473E-2 1426.68003 1.783222E-2 1427.36448 1.671512E-2
 1428.04893 1.571067E-2 1428.73337 1.480253E-2 1429.41782 1.397754E-2
 1430.10226 1.322622E-2 1430.78671 1.254042E-2 1431.47115 1.191276E-2
 1432.15560 1.133677E-2 1433.18227 1.055766E-2 1434.20894 9.866539E-3
 1435.23561 9.250499E-3 1436.26228 8.698919E-3 1437.28894 8.203017E-3
 1438.31562 7.755454E-3 1439.34229 7.350097E-3 1440.36896 6.981753E-3
 1441.39562 6.646017E-3 1442.76451 6.242665E-3 1444.13340 5.883378E-3
 1445.50229 5.563213E-3 1446.87118 5.274540E-3 1448.24007 5.013515E-3
 1449.80452 4.745449E-3 1451.36897 4.505431E-3 1452.93342 4.289761E-3
 1454.49786 4.095351E-3 1456.06231 3.919597E-3 1458.40899 3.686237E-3
 1460.75565 3.483862E-3 1463.10233 3.307671E-3 1465.44900 3.153759E-3
 1467.79567 3.019022E-3 1470.14234 2.900888E-3 1472.48901 2.797392E-3
 1474.81738 2.708703E-3 1476.36353 2.654447E-3 1479.45582 2.560612E-3
 1482.51152 2.483732E-3 1485.56722 2.420791E-3 1488.62292 2.370405E-3
 1491.67861 2.331503E-3 1494.73431 2.303277E-3 1498.93589 2.281085E-3
 1502.37354 2.275623E-3 1506.19317 2.284930E-3 1510.01279 2.308451E-3
 1513.06849 2.338463E-3 1516.12418 2.378832E-3 1519.17988 2.430219E-3
 1522.23557 2.493503E-3 1525.29127 2.569808E-3 1528.34696 2.660549E-3
 1531.40266 2.767489E-3 1534.45836 2.892818E-3 1537.51406 3.038605E-3
 1539.80583 3.163580E-3 1542.09760 3.304550E-3 1544.38938 3.463018E-3
 1546.68114 3.641391E-3 1548.97292 3.842594E-3 1551.26469 4.070095E-3
 1553.55646 4.328144E-3 1555.84823 4.621863E-3 1557.37608 4.840569E-3
 1558.90393 5.080143E-3 1560.43178 5.343163E-3 1561.95963 5.632626E-3
 1563.48748 5.952033E-3 1565.01532 6.305492E-3 1566.54317 6.697851E-3
 1568.07102 7.134778E-3 1569.59887 7.621367E-3 1570.74475 8.024500E-3
 1571.85308 8.451391E-3 1572.94262 8.909698E-3 1574.03216 9.411106E-3
 1575.12170 9.960875E-3 1576.21124 1.056491E-2 1577.31070 1.123720E-2
 1578.43000 1.199569E-2 1579.54930 1.284003E-2 1580.66860 1.378322E-2
 1581.78790 1.484045E-2 1582.53410 1.561887E-2 1583.25160 1.643060E-2
 1583.94040 1.727441E-2 1584.62920 1.818835E-2 1585.31800 1.918030E-2
 1586.00680 2.025907E-2 1586.69560 2.143463E-2 1587.38440 2.271932E-2
 1588.07320 2.412831E-2 1588.67590 2.547627E-2 1589.45080 2.738834E-2
 1590.22570 2.953132E-2 1590.74230 3.110702E-2 1591.25890 3.281586E-2
 1591.77550 3.467327E-2 1592.29210 3.669703E-2 1592.78000 3.877954E-2
 1593.23920 4.090961E-2 1593.69840 4.322404E-2 1594.15760 4.574480E-2
 1594.61680 4.849724E-2 1595.07600 5.151070E-2 1595.53520 5.481926E-2
 1595.99440 5.846252E-2 1596.39620 6.196093E-2 1596.74060 6.521850E-2
 1597.08500 6.874255E-2 1597.42940 7.256353E-2 1597.77380 7.671697E-2
 1598.11820 8.124406E-2 1598.46260 8.619203E-2 1598.80700 9.161507E-2
 1599.10835 9.679895E-2 1599.49580 1.041476E-1 1599.88325 1.123795E-1
 1600.14155 1.184299E-1 1600.39985 1.249898E-1 1600.65815 1.321183E-1
 1600.91645 1.398838E-1 1601.16040 1.478739E-1 1601.39000 1.560459E-1
 1601.61960 1.649253E-1 1601.84920 1.745969E-1 1602.07880 1.851589E-1
 1602.30840 1.967251E-1 1602.53800 2.094283E-1 1602.76760 2.234247E-1
 1602.96850 2.368765E-1 1603.14070 2.494162E-1 1603.31290 2.629988E-1
 1603.48510 2.777462E-1 1603.65730 2.937988E-1 1603.82950 3.113195E-1
 1604.00170 3.304982E-1 1604.17390 3.515571E-1 1604.33175 3.727357E-1
 1604.47525 3.937494E-1 1604.61875 4.166541E-1 1604.76225 4.416926E-1
 1604.90575 4.691499E-1 1605.04925 4.993630E-1 1605.19275 5.327337E-1
 1605.33625 5.697457E-1 1605.46540 6.066535E-1 1605.58020 6.427551E-1
 1605.69500 6.824158E-1 1605.80980 7.261703E-1 1605.92819 7.762734E-1
 1606.01968 8.190076E-1 1606.11115 8.657789E-1 1606.20802 9.204032E-1
 1606.31205 9.859027E-1 1606.39815 1.046426E+0 1606.48426 1.113713E+0
 1606.56318 1.182340E+0 1606.63493 1.251482E+0 1606.71565 1.338271E+0
 1606.77341 1.407154E+0 1606.83511 1.487946E+0 1606.88749 1.563160E+0
 1606.95206 1.665434E+0 1607.01664 1.779809E+0 1607.06686 1.878305E+0
 1607.12426 2.002525E+0 1607.18166 2.140801E+0 1607.23906 2.295054E+0
 1607.28211 2.422521E+0 1607.32516 2.561198E+0 1607.36821 2.712180E+0
 1607.41126 2.876654E+0 1607.45431 3.055904E+0 1607.49736 3.251309E+0
 1607.54041 3.464347E+0 1607.58346 3.696597E+0 1607.62651 3.949739E+0
 1607.66956 4.225550E+0 1607.71261 4.525903E+0 1607.75566 4.852763E+0
 1607.79871 5.208178E+0 1607.84176 5.594272E+0 1607.88481 6.013234E+0
 1607.92786 6.467304E+0 1607.97091 6.958758E+0 1608.01396 7.489888E+0
 1608.05701 8.062983E+0 1608.10006 8.680303E+0 1608.14311 9.344054E+0
 1608.18616 1.005636E+1 1608.22921 1.081922E+1 1608.27226 1.163450E+1
 1608.30096 1.220797E+1 1608.35836 1.342876E+1 1608.41576 1.475034E+1
 1608.47316 1.617468E+1 1608.53056 1.770261E+1 1608.58796 1.933368E+1
 1608.64536 2.106597E+1 1608.70276 2.289601E+1 1608.78886 2.581247E+1
 1608.87496 2.891150E+1 1608.98976 3.326596E+1 1609.28824 4.495493E+1
 1609.40017 4.907044E+1 1609.49488 5.225288E+1 1609.58098 5.482152E+1
 1609.66708 5.701158E+1 1609.74457 5.860971E+1 1609.81632 5.974157E+1
 1609.88979 6.052991E+1 1609.96326 6.092690E+1 1610.00000 6.097569E+1
 1610.07347 6.077259E+1 1610.14235 6.022194E+1 1610.21123 5.933300E+1
 1610.28528 5.801877E+1 1610.36162 5.630349E+1 1610.44772 5.397635E+1
 1610.55104 5.072000E+1 1610.63140 4.790977E+1 1610.75768 4.315753E+1
 1611.03894 3.213039E+1 1611.14370 2.820150E+1 1611.23697 2.489587E+1
 1611.31159 2.241112E+1 1611.38621 2.008502E+1 1611.44648 1.832896E+1
 1611.51536 1.646040E+1 1611.56128 1.529746E+1 1611.60720 1.420053E+1
 1611.65312 1.316887E+1 1611.69904 1.220131E+1 1611.74496 1.129632E+1
 1611.79088 1.045203E+1 1611.84254 9.572110E+0 1611.89420 8.762962E+0
 1611.94586 8.020973E+0 1611.98461 7.506210E+0 1612.02335 7.025572E+0
 1612.06210 6.577149E+0 1612.10084 6.159501E+0 1612.13959 5.770754E+0
 1612.17833 5.409467E+0 1612.22138 5.038117E+0 1612.27304 4.631436E+0
 1612.32470 4.263849E+0 1612.37636 3.931936E+0 1612.42802 3.632462E+0
 1612.47968 3.362391E+0 1612.53134 3.118890E+0 1612.58300 2.899334E+0
 1612.63466 2.701306E+0 1612.68632 2.522586E+0 1612.73798 2.361153E+0
 1612.79825 2.192223E+0 1612.84130 2.082978E+0 1612.90588 1.934856E+0
 1612.97045 1.803394E+0 1613.03503 1.686304E+0 1613.09960 1.581680E+0
 1613.16418 1.487816E+0 1613.22875 1.403304E+0 1613.29333 1.326887E+0
 1613.35790 1.257536E+0 1613.42248 1.194331E+0 1613.49423 1.130401E+0
 1613.56957 1.069465E+0 1613.64490 1.014035E+0 1613.74535 9.474475E-1
 1613.84580 8.879840E-1 1613.94625 8.345439E-1 1614.04670 7.862467E-1
 1614.14715 7.423809E-1 1614.24760 7.023654E-1 1614.37675 6.558122E-1
 1614.50590 6.140068E-1 1614.63505 5.762804E-1 1614.76420 5.420874E-1
 1614.89335 5.109769E-1 1615.02250 4.825722E-1 1615.15165 4.565556E-1
 1615.28080 4.326568E-1 1615.45300 4.036910E-1 1615.62520 3.776198E-1
 1615.79740 3.540596E-1 1615.96960 3.326902E-1 1616.14180 3.132418E-1
 1616.31400 2.954855E-1 1616.48620 2.792265E-1 1616.65840 2.642973E-1
 1616.85930 2.483697E-1 1617.06020 2.338609E-1 1617.26110 2.206048E-1
 1617.46200 2.084591E-1 1617.66290 1.973017E-1 1617.86380 1.870273E-1
 1618.06470 1.775442E-1 1618.26560 1.687727E-1 1618.52390 1.584289E-1
 1618.78220 1.490177E-1 1619.04050 1.404295E-1 1619.29880 1.325703E-1
 1619.55710 1.253594E-1 1619.81540 1.187268E-1 1620.07370 1.126120E-1
 1620.33200 1.069621E-1 1620.64770 1.006212E-1 1620.96340 9.483333E-2
 1621.27910 8.953601E-2 1621.59480 8.467552E-2 1621.91050 8.020518E-2
 1622.22620 7.608407E-2 1622.69975 7.047941E-2 1623.05850 6.663873E-2
 1623.46030 6.270013E-2 1623.86210 5.910210E-2 1624.26390 5.580680E-2
 1624.66570 5.278162E-2 1625.06750 4.999805E-2 1625.46930 4.743111E-2
 1626.07200 4.393963E-2 1626.53120 4.153452E-2 1626.99040 3.932372E-2
 1627.44960 3.728680E-2 1627.90880 3.540596E-2 1628.59760 3.284379E-2
 1629.28640 3.055333E-2 1629.74560 2.915869E-2 1630.31960 2.754752E-2
 1630.89360 2.606821E-2 1631.46760 2.470681E-2 1632.04160 2.345134E-2
 1632.90260 2.174412E-2 1633.76360 2.022009E-2 1634.33760 1.929243E-2
 1635.08380 1.818023E-2 1635.83000 1.716326E-2 1636.57620 1.623109E-2
 1637.32240 1.537471E-2 1638.06860 1.458644E-2 1639.18790 1.351628E-2
 1640.30720 1.256178E-2 1641.49914 1.165490E-2 1642.69108 1.084559E-2
 1643.88302 1.012034E-2 1645.07495 9.467820E-3 1646.26689 8.878494E-3
 1647.40498 8.367707E-3 1648.51614 7.912169E-3 1649.62730 7.494426E-3
 1651.10885 6.989241E-3 1652.59040 6.535856E-3 1653.86030 6.183945E-3
 1655.13020 5.862270E-3 1656.82340 5.471296E-3 1658.51660 5.120089E-3
 1660.20980 4.803724E-3 1661.90300 4.517721E-3 1663.59620 4.258296E-3
 1665.28940 4.022237E-3 1666.98260 3.806804E-3 1668.67580 3.609648E-3
 1670.36900 3.428744E-3 1672.06220 3.262339E-3 1674.60200 3.036638E-3
 1677.14180 2.835861E-3 1679.68160 2.656406E-3 1682.22140 2.495357E-3
 1684.76120 2.350230E-3 1687.30100 2.218990E-3 1689.84080 2.099882E-3
 1692.38060 1.991522E-3 1694.92040 1.893567E-3 1697.46020 1.802551E-3
 1699.15340 1.748238E-3 1699.57670 1.737342E-3 1700.00000 1.728915E-3
 1700.00000 1.130671E+0 1747.96805 1.111225E+0 1797.28959 1.091230E+0
 1843.90889 1.072330E+0 1895.93755 1.053888E+0 1949.43427 1.034924E+0
 2000.00000 1.017000E+0 2056.43300 1.002261E+0 2103.97901 9.898430E-1
 2163.34593 9.759120E-1 2224.38798 9.615878E-1 2287.15243 9.468595E-1
 2299.11855 9.440516E-1 2363.99163 9.305357E-1 2430.69520 9.166385E-1
 2457.26128 9.111036E-1 2526.59659 8.978912E-1 2582.96676 8.871495E-1
 2655.84904 8.745295E-1 2730.78781 8.615533E-1 2783.68466 8.523939E-1
 2862.23050 8.402683E-1 2942.99263 8.278006E-1 3000.00000 8.190000E-1
 3084.64950 8.085820E-1 3171.68751 7.978700E-1 3223.70980 7.914675E-1
 3314.67161 7.812645E-1 3402.37323 7.714273E-1 3498.37629 7.616797E-1
 3597.08823 7.516571E-1 3689.10462 7.423143E-1 3793.19824 7.329346E-1
 3900.22902 7.232902E-1 4000.00000 7.143000E-1 4112.86600 7.055830E-1
 4228.91668 6.966201E-1 4229.48506 6.965762E-1 4348.82633 6.882468E-1
 4471.53498 6.796824E-1 4597.70605 6.708763E-1 4598.63298 6.708116E-1
 4728.39031 6.627903E-1 4861.80893 6.545427E-1 4998.99216 6.460623E-1
 5000.00000 6.460000E-1 5141.08250 6.384142E-1 5286.14585 6.306144E-1
 5435.30239 6.225945E-1 5477.22558 6.203404E-1 5631.77372 6.130559E-1
 5790.68266 6.055659E-1 5954.07546 5.978646E-1 6000.00000 5.957000E-1
 6169.29900 5.885890E-1 6343.37503 5.812775E-1 6480.74070 5.755078E-1
 6663.60452 5.686379E-1 6851.62812 5.615741E-1 7000.00000 5.560000E-1
 7197.51550 5.491960E-1 7400.60420 5.421999E-1 7483.31477 5.393507E-1
 7694.46772 5.327504E-1 7911.57867 5.259639E-1 8000.00000 5.232000E-1
 8225.73200 5.166222E-1 8457.83337 5.098587E-1 8485.28137 5.090589E-1
 8724.70631 5.026589E-1 8970.88699 4.960782E-1 9000.00000 4.953000E-1
 9253.94850 4.891798E-1 9515.06254 4.828870E-1 9783.54430 4.764166E-1
 10000.0000 4.712000E-1 10282.1650 4.647015E-1 10572.2917 4.580197E-1
 10870.6048 4.511494E-1 10905.0773 4.503554E-1 11212.7804 4.440927E-1
 11529.1658 4.376533E-1 11763.9699 4.328743E-1 12095.9080 4.268108E-1
 12437.2121 4.205763E-1 12570.8144 4.181358E-1 12925.5188 4.122415E-1
 13290.2317 4.061809E-1 13322.0708 4.056518E-1 13697.9730 3.999017E-1
 14016.1591 3.950345E-1 14411.6461 3.895958E-1 14818.2923 3.840036E-1
 15236.4126 3.782537E-1 15318.9593 3.771185E-1 15751.2067 3.718373E-1
 16195.6506 3.664072E-1 16374.9297 3.642168E-1 16836.9729 3.592449E-1
 17312.0533 3.541327E-1 17800.5389 3.488763E-1 18096.9222 3.456870E-1
 18607.5540 3.409681E-1 19132.5941 3.361160E-1 19672.4489 3.311270E-1
 20000.0000 3.281000E-1 20564.3300 3.229547E-1 21039.7901 3.186197E-1
 21633.4593 3.137715E-1 22243.8798 3.087864E-1 22871.5243 3.036608E-1
 22991.1855 3.026835E-1 23639.9163 2.979960E-1 24306.9520 2.931763E-1
 24572.6128 2.912567E-1 25265.9659 2.866863E-1 25829.6676 2.829706E-1
 26558.4904 2.786172E-1 27307.8781 2.741409E-1 27836.8466 2.709813E-1
 28622.3050 2.668124E-1 29429.9263 2.625258E-1 30000.0000 2.595000E-1
 30846.4950 2.554432E-1 31716.8751 2.512719E-1 32237.0980 2.487787E-1
 33146.7161 2.448333E-1 34023.7323 2.410294E-1 34983.7629 2.372882E-1
 35970.8823 2.334415E-1 36891.0462 2.298557E-1 37931.9824 2.262880E-1
 39002.2902 2.226196E-1 40000.0000 2.192000E-1 41128.6600 2.158367E-1
 42289.1668 2.123785E-1 42294.8506 2.123616E-1 43488.2633 2.091741E-1
 44715.3498 2.058966E-1 45977.0605 2.025267E-1 45986.3298 2.025019E-1
 47283.9031 1.994624E-1 48618.0893 1.963371E-1 49989.9216 1.931236E-1
 50000.0000 1.931000E-1 51410.8250 1.904053E-1 52861.4585 1.876345E-1
 54353.0239 1.847856E-1 54772.2558 1.839849E-1 56317.7372 1.814174E-1
 57906.8266 1.787774E-1 59540.7546 1.760629E-1 60000.0000 1.753000E-1
 61692.9900 1.730034E-1 63433.7503 1.706421E-1 64807.4070 1.687787E-1
 66636.0452 1.665676E-1 68516.2812 1.642941E-1 70000.0000 1.625000E-1
 71975.1550 1.605506E-1 74006.0420 1.585463E-1 74833.1477 1.577300E-1
 76944.6772 1.558379E-1 79115.7867 1.538923E-1 80000.0000 1.531000E-1
 82257.3200 1.513814E-1 84578.3337 1.496144E-1 84852.8137 1.494054E-1
 87247.0631 1.477283E-1 89708.8699 1.460039E-1 90000.0000 1.458000E-1
 92539.4850 1.444033E-1 95150.6254 1.429672E-1 97835.4430 1.414905E-1
 100000.000 1.403000E-1 102821.650 1.390849E-1 105722.917 1.378355E-1
 108706.048 1.365509E-1 109544.512 1.361898E-1 112635.475 1.350103E-1
 115813.654 1.337975E-1 119081.510 1.325505E-1 120000.000 1.322000E-1
 123385.980 1.312213E-1 126867.501 1.302149E-1 129614.814 1.294208E-1
 133272.090 1.284626E-1 137032.562 1.274774E-1 140000.000 1.267000E-1
 143950.310 1.259494E-1 148012.084 1.251777E-1 152188.467 1.243842E-1
 156482.693 1.235683E-1 160000.000 1.229000E-1 164514.640 1.222679E-1
 169156.667 1.216181E-1 173929.676 1.209498E-1 178837.363 1.202628E-1
 180000.000 1.201000E-1 185078.970 1.195413E-1 190301.251 1.189669E-1
 195670.886 1.183762E-1 200000.000 1.179000E-1 205643.300 1.176065E-1
 211445.834 1.173048E-1 217412.096 1.169946E-1 223546.704 1.166756E-1
 229854.410 1.163476E-1 236340.096 1.160103E-1 243008.787 1.156635E-1
 249865.644 1.153070E-1 250000.000 1.153000E-1 300000.000 1.147000E-1
 300000.000 1.146992E-1 359875.775 1.157963E-1 400000.000 1.169980E-1
 411953.429 1.125530E-1 430556.666 1.061971E-1 450000.000 1.001984E-1
 462010.543 9.290064E-2 471228.356 8.777698E-2 478262.207 8.412060E-2
 489010.331 7.891964E-2 500000.000 7.404164E-2 524404.424 7.024271E-2
 550000.000 6.664041E-2 600000.000 6.302023E-2 650000.000 6.126010E-2
 700000.000 6.029010E-2 750000.000 6.008004E-2 800000.000 6.018008E-2
 873984.025 6.124814E-2 900000.000 6.168007E-2 950000.000 6.297930E-2
 1000000.00 5.979006E-2 1061401.33 5.640023E-2 1113592.67 5.381758E-2
 1156101.16 5.186275E-2 1200000.00 4.997043E-2 1400000.00 5.098995E-2
 1600000.00 5.091001E-2 1800000.00 5.099015E-2 2000000.00 5.375986E-2
 2200000.00 5.402997E-2 2400000.00 5.374982E-2 2600000.00 5.071991E-2
 2736213.65 4.785578E-2 2839503.10 4.587910E-2 2980054.54 4.345360E-2
 3000000.00 4.312008E-2 3210604.99 4.088141E-2 3250000.00 4.047987E-2
 3372684.39 3.812662E-2 3500000.00 3.591009E-2 3673956.18 3.392313E-2
 3750000.00 3.309990E-2 3872983.35 3.096625E-2 4000000.00 2.897004E-2
 4123105.63 2.737088E-2 4250000.00 2.585995E-2 4373213.92 2.399260E-2
 4500000.00 2.226002E-2 4623310.50 2.071651E-2 4750000.00 1.927998E-2
 4811303.00 1.850163E-2 4904744.13 1.739258E-2 5029962.56 1.600669E-2
 5059925.12 1.566339E-2 5166527.43 1.453045E-2 5278904.60 1.345084E-2
 5356975.96 1.276274E-2 5404093.18 1.235863E-2 5500000.00 1.159999E-2
 5560146.82 1.108632E-2 5666990.80 1.024148E-2 5748469.00 9.650378E-3
 5810345.51 9.229550E-3 5904411.32 8.632467E-3 6060333.36 7.709092E-3
 6167380.24 7.109724E-3 6248904.43 6.690980E-3 6310754.00 6.393190E-3
 6404678.06 5.971170E-3 6560492.48 5.328181E-3 6667712.13 4.919151E-3
 6749275.27 4.633118E-3 6811101.72 4.429565E-3 6904904.93 4.140878E-3
 7000000.00 3.871004E-3 7060629.83 3.711234E-3 7167998.38 3.447340E-3
 7280498.10 3.195522E-3 7405100.25 2.940426E-3 7500000.00 2.763007E-3
 7621991.22 2.572427E-3 7714785.04 2.438171E-3 7856098.29 2.249811E-3
 8000000.00 2.076007E-3 8168598.95 1.927163E-3 8356297.86 1.776171E-3
 8500000.00 1.671004E-3 8622333.60 1.601822E-3 8809143.11 1.503387E-3
 9000000.00 1.411005E-3 9246621.00 1.347051E-3 9500000.00 1.286003E-3
 10000000.0 1.221002E-3 11000000.0 1.173001E-3 12169299.0 1.153275E-3
 13000000.0 1.134999E-3 14000000.0 1.086999E-3 14695824.7 1.023616E-3
 15000000.0 9.973980E-4 15491933.4 9.277690E-4 16000000.0 8.629990E-4
 16244345.5 8.210080E-4 16617878.1 7.618210E-4 17000000.0 7.068990E-4
 17337571.5 6.532520E-4 17571712.4 6.191100E-4 17712949.0 5.990690E-4
 18244954.3 5.294900E-4 18430855.1 5.066860E-4 18713263.9 4.743090E-4
 19000000.0 4.440000E-4 19338203.8 4.111880E-4 19572371.0 3.902660E-4
 19713546.4 3.779770E-4 20000000.0 3.549030E-4                      
