 1.000000E-5 8.713396E-1 1.102400E-5 8.311933E-1 1.215040E-5 7.930969E-1
 1.339460E-5 7.568050E-1 1.476330E-5 7.223761E-1 1.627500E-5 6.895925E-1
 1.793810E-5 6.585038E-1 1.977490E-5 6.289143E-1 2.179560E-5 6.008709E-1
 2.402740E-5 5.741936E-1 2.648260E-5 5.489264E-1 2.919430E-5 5.249065E-1
 3.217750E-5 5.021725E-1 3.547230E-5 4.805789E-1 3.909700E-5 4.601587E-1
 4.310050E-5 4.407816E-1 4.750460E-5 4.224777E-1 5.236900E-5 4.051285E-1
 5.772020E-5 3.887607E-1 6.363060E-5 3.732679E-1 7.013260E-5 3.586732E-1
 7.838950E-5 3.429916E-1 8.761860E-5 3.283426E-1 9.793430E-5 3.146758E-1
 1.094640E-4 3.019435E-1 1.223520E-4 2.900999E-1 1.367570E-4 2.791010E-1
 1.528580E-4 2.689048E-1 1.708540E-4 2.594706E-1 1.909700E-4 2.507590E-1
 2.164650E-4 2.417676E-1 2.453160E-4 2.336026E-1 2.780660E-4 2.261863E-1
 3.151280E-4 2.194911E-1 3.621670E-4 2.128181E-1 4.162290E-4 2.068932E-1
 4.783600E-4 2.016508E-1 5.575220E-4 1.965933E-1 6.588240E-4 1.918374E-1
 7.785330E-4 1.877741E-1 9.327920E-4 1.840469E-1 1.149373E-3 1.804746E-1
 1.435944E-3 1.773743E-1 1.844585E-3 1.745784E-1 2.436376E-3 1.721286E-1
 3.402195E-3 1.698459E-1 5.022768E-3 1.677713E-1 8.172992E-3 1.656161E-1
 1.549980E-2 1.627123E-1 2.508752E-2 1.598117E-1 2.530000E-2 1.597513E-1
 7.283400E-2 1.472332E-1 0.15227101 1.276419E-1 0.22792998 1.099495E-1
 0.29692509 9.464667E-2 0.35575790 8.226584E-2 0.40886261 7.165541E-2
 0.45699945 6.252878E-2 0.49678604 5.535697E-2 0.53262658 4.919797E-2
 0.57094231 4.294360E-2 0.60361686 3.789044E-2 0.62940509 3.409128E-2
 0.65616804 3.033060E-2 0.68420139 2.659587E-2 0.70840075 2.354172E-2
 0.72838934 2.114257E-2 0.74894194 1.879975E-2 0.77007446 1.652293E-2
 0.78633354 1.486343E-2 0.80289705 1.325699E-2 0.81976925 1.170957E-2
 0.83133475 1.070159E-2 0.84587323 9.496294E-3 0.85776507 8.562173E-3
 0.86974081 7.669134E-3 0.88196820 6.807513E-3 0.89113875 6.195194E-3
 0.90056805 5.596376E-3 0.90999736 5.029112E-3 0.91951535 4.488805E-3
 0.92921072 3.972079E-3 0.93567430 3.646620E-3 0.94213788 3.336502E-3
 0.95044533 2.960614E-3 0.95709129 2.678433E-3 0.96373724 2.412861E-3
 0.97025160 2.168794E-3 0.97637118 1.954291E-3 0.98249075 1.754213E-3
 0.98708043 1.613688E-3 0.99167011 1.481386E-3 0.99560047 1.374659E-3
 1.00040141 1.252558E-3 1.00520235 1.139594E-3 1.00880306 1.060896E-3
 1.01240375 9.873860E-4 1.01600446 9.190830E-4 1.01960516 8.560090E-4
 1.02320587 7.981850E-4 1.02680657 7.456330E-4 1.03040727 6.983750E-4
 1.03400797 6.564330E-4 1.03760868 6.198300E-4 1.04120938 5.885890E-4
 1.04360985 5.707520E-4 1.04601032 5.553160E-4 1.04841079 5.422860E-4
 1.05081125 5.316710E-4 1.05341176 5.229030E-4 1.05601227 5.169860E-4
 1.05861278 5.139270E-4 1.05991304 5.134730E-4 1.06226350 5.144740E-4
 1.06541411 5.195080E-4 1.06856473 5.287850E-4 1.07171534 5.423190E-4
 1.07486596 5.601280E-4 1.07801657 5.822260E-4 1.08061708 6.037080E-4
 1.08321759 6.281310E-4 1.08581810 6.555040E-4 1.08841860 6.858360E-4
 1.09101911 7.191360E-4 1.09361962 7.554130E-4 1.09752038 8.154280E-4
 1.10122110 8.786030E-4 1.10482181 9.459260E-4 1.10842251 1.019048E-3
 1.11202322 1.097995E-3 1.11562392 1.182793E-3 1.11922462 1.273466E-3
 1.12402556 1.403550E-3 1.12762626 1.508036E-3 1.13242720 1.656632E-3
 1.13722813 1.815892E-3 1.14282923 2.015255E-3 1.14843032 2.229311E-3
 1.15403141 2.458155E-3 1.15963250 2.701879E-3 1.16603375 2.998756E-3
 1.17243500 3.315323E-3 1.17883625 3.651723E-3 1.18523750 4.008102E-3
 1.19323907 4.481906E-3 1.20124063 4.987474E-3 1.20924219 5.525123E-3
 1.21724375 6.095178E-3 1.22583034 6.743337E-3 1.23441693 7.429623E-3
 1.24300352 8.154480E-3 1.25159011 8.918352E-3 1.26041898 9.744903E-3
 1.26924785 1.061355E-2 1.28249117 1.199623E-2 1.29598360 1.350434E-2
 1.30960059 1.512957E-2 1.32321757 1.686027E-2 1.33721879 1.875179E-2
 1.35122000 2.075891E-2 1.36535290 2.290421E-2 1.37974918 2.521486E-2
 1.39414546 2.765427E-2 1.40881254 3.027434E-2 1.42854920 3.401900E-2
 1.44856430 3.807885E-2 1.46885786 4.247164E-2 1.48943772 4.721798E-2
 1.51030388 5.233857E-2 1.53146444 5.785901E-2 1.55291938 6.380380E-2
 1.57467700 7.019532E-2 1.59673732 7.705340E-2 1.61910888 8.440824E-2
 1.64179166 9.229142E-2 1.66479446 1.007379E-1 1.68811728 1.097807E-1
 1.71176914 1.194584E-1 1.73575004 1.298085E-1 1.76006927 1.408749E-1
 1.78472683 1.527004E-1 1.80973226 1.653356E-1 1.83508557 1.788293E-1
 1.86079657 1.932395E-1 1.89989961 2.166143E-1 1.94010600 2.425723E-1
 1.98106871 2.711358E-1 2.02279842 3.025578E-1 2.06530578 3.371191E-1
 2.10901256 3.755073E-1 2.15354150 4.177792E-1 2.19890421 4.643386E-1
 2.24511229 5.156385E-1 2.29262419 5.727468E-1 2.34102985 6.358070E-1
 2.39034186 7.054916E-1 2.44057284 7.825645E-1 2.49222116 8.687407E-1
 2.52713915 9.312774E-1 2.56254291 9.984406E-1 2.59844617 1.070642E+0
 2.63484891 1.148307E+0 2.67176522 1.231940E+0 2.70919512 1.322073E+0
 2.74715308 1.419399E+0 2.78563912 1.524713E+0 2.82466813 1.638580E+0
 2.86424011 1.761595E+0 2.90437038 1.894737E+0 2.94505894 2.038931E+0
 2.98632155 2.195769E+0 3.02815820 2.366786E+0 3.07058509 2.553375E+0
 3.11360222 2.757201E+0 3.15722625 2.980324E+0 3.20145718 3.225024E+0
 3.24631213 3.494032E+0 3.29179109 3.790403E+0 3.33791169 4.117816E+0
 3.38467392 4.480444E+0 3.43209588 4.883338E+0 3.46815715 5.215984E+0
 3.50421842 5.573644E+0 3.54129721 5.969967E+0 3.57837600 6.398117E+0
 3.61580354 6.865878E+0 3.65392856 7.383015E+0 3.69205359 7.945707E+0
 3.73089579 8.571208E+0 3.77009657 9.262301E+0 3.80929735 1.002095E+1
 3.84960423 1.088060E+1 3.88991112 1.183190E+1 3.91678238 1.252333E+1
 3.94441186 1.328738E+1 3.97204133 1.411061E+1 3.99967080 1.499912E+1
 4.02730027 1.595981E+1 4.05570935 1.703113E+1 4.08411843 1.819678E+1
 4.11252751 1.946794E+1 4.14093659 2.085748E+1 4.17014728 2.242539E+1
 4.19935796 2.415313E+1 4.22856864 2.606285E+1 4.25047665 2.763005E+1
 4.27279678 2.935999E+1 4.29532297 3.125755E+1 4.31784915 3.332533E+1
 4.34037534 3.558448E+1 4.36290151 3.806003E+1 4.38563956 4.080812E+1
 4.40880135 4.390079E+1 4.43196315 4.733185E+1 4.45512494 5.115086E+1
 4.47056613 5.394107E+1 4.48600732 5.695022E+1 4.50144851 6.020203E+1
 4.52154430 6.484306E+1 4.54164008 7.001283E+1 4.55503726 7.379433E+1
 4.56843445 7.787728E+1 4.58183163 8.229464E+1 4.59522882 8.708387E+1
 4.60862600 9.228787E+1 4.62590938 9.969496E+1 4.63743163 1.051234E+2
 4.64895388 1.109942E+2 4.66047613 1.173569E+2 4.67199838 1.242686E+2
 4.68352063 1.317946E+2 4.69504288 1.400106E+2 4.70528488 1.479635E+2
 4.71872750 1.594543E+2 4.73217013 1.723161E+2 4.74113188 1.817636E+2
 4.75009363 1.920011E+2 4.75905538 2.031203E+2 4.76801713 2.152265E+2
 4.77633875 2.274581E+2 4.78402025 2.396948E+2 4.79170175 2.529440E+2
 4.79938325 2.673224E+2 4.80706475 2.829645E+2 4.81474625 3.000255E+2
 4.82242775 3.186851E+2 4.83010925 3.391531E+2 4.83715063 3.597123E+2
 4.84355188 3.800836E+2 4.84995313 4.022522E+2 4.85635438 4.264370E+2
 4.86275563 4.528903E+2 4.86915688 4.819032E+2 4.87555813 5.138123E+2
 4.88195938 5.490063E+2 4.88772050 5.838597E+2 4.89284150 6.176815E+2
 4.89796250 6.544855E+2 4.90308350 6.946033E+2 4.90820450 7.384037E+2
 4.91332550 7.862951E+2 4.91844650 8.387274E+2 4.92356750 8.961926E+2
 4.92836844 9.551113E+2 4.93284932 1.014931E+3 4.93733019 1.079828E+3
 4.94181107 1.150223E+3 4.94629194 1.226552E+3 4.95077282 1.309255E+3
 4.95525369 1.398770E+3 4.95973457 1.495524E+3 4.96549569 1.631201E+3
 4.97077673 1.767311E+3 4.97605775 1.915132E+3 4.98133879 2.074973E+3
 4.98661982 2.246944E+3 4.99014050 2.368273E+3 4.99654175 2.602145E+3
 5.00294300 2.852040E+3 5.00934425 3.115963E+3 5.01862607 3.517550E+3
 5.03879000 4.408100E+3 5.04647150 4.725646E+3 5.05415300 5.014182E+3
 5.05927400 5.184878E+3 5.06541920 5.361750E+3 5.07156440 5.503593E+3
 5.07668540 5.592130E+3 5.08180640 5.651793E+3 5.08741390 5.682608E+3
 5.08928306 5.684719E+3 5.09445527 5.669232E+3 5.10075410 5.608637E+3
 5.10587510 5.526839E+3 5.11150820 5.405285E+3 5.11765340 5.238335E+3
 5.12328650 5.057660E+3 5.13096800 4.776208E+3 5.13864950 4.464347E+3
 5.15273225 3.850433E+3 5.16425450 3.344031E+3 5.17385638 2.940750E+3
 5.18025763 2.687492E+3 5.18665888 2.449408E+3 5.19161985 2.276261E+3
 5.19690088 2.103327E+3 5.20218191 1.942297E+3 5.20746294 1.793103E+3
 5.21274398 1.655478E+3 5.21802500 1.529000E+3 5.22250588 1.430027E+3
 5.22698675 1.338315E+3 5.23146763 1.253460E+3 5.23594850 1.175043E+3
 5.24042938 1.102636E+3 5.24491025 1.035817E+3 5.24939113 9.741721E+2
 5.25387200 9.173014E+2 5.25899300 8.576643E+2 5.26411400 8.032302E+2
 5.26923500 7.535026E+2 5.27435600 7.080244E+2 5.27947700 6.663787E+2
 5.28459800 6.281869E+2 5.28971900 5.931072E+2 5.29484000 5.608324E+2
 5.30124125 5.240163E+2 5.30764250 4.906791E+2 5.31404375 4.604085E+2
 5.32044500 4.328469E+2 5.32684625 4.076843E+2 5.33324750 3.846520E+2
 5.33964875 3.635163E+2 5.34605000 3.440742E+2 5.35373150 3.227313E+2
 5.36141300 3.033089E+2 5.36909450 2.855811E+2 5.37677600 2.693542E+2
 5.38445750 2.544617E+2 5.39213900 2.407593E+2 5.39982050 2.281221E+2
 5.40750200 2.164411E+2 5.41646375 2.038954E+2 5.42542550 1.923908E+2
 5.43438725 1.818141E+2 5.44334900 1.720672E+2 5.45231075 1.630647E+2
 5.46575338 1.507966E+2 5.47919600 1.398240E+2 5.49071825 1.313148E+2
 5.50224050 1.235326E+2 5.51376275 1.163964E+2 5.52528500 1.098362E+2
 5.53680725 1.037914E+2 5.54832950 9.820897E+1 5.55985175 9.304278E+1
 5.57137400 8.825226E+1 5.58417650 8.332678E+1 5.59697900 7.877813E+1
 5.60978150 7.456876E+1 5.62898525 6.881980E+1 5.64818900 6.366558E+1
 5.66739275 5.902646E+1 5.68211563 5.577638E+1 5.69875888 5.238673E+1
 5.71540213 4.926745E+1 5.73204538 4.639022E+1 5.74868863 4.373054E+1
 5.76533188 4.126715E+1 5.78197513 3.898140E+1 5.79861838 3.685688E+1
 5.81654188 3.473251E+1 5.83574563 3.262665E+1 5.85494938 3.067957E+1
 5.87415313 2.887549E+1 5.89335688 2.720046E+1 5.91256063 2.564222E+1
 5.93176438 2.419006E+1 5.96057000 2.219055E+1 5.98937563 2.038165E+1
 6.01818125 1.874026E+1 6.04698688 1.724658E+1 6.07579250 1.588363E+1
 6.10459813 1.463680E+1 6.13340375 1.349350E+1 6.16220938 1.244282E+1
 6.19101500 1.147529E+1 6.21982063 1.058264E+1 6.24862625 9.757657E+0
 6.27743188 8.993982E+0 6.30623750 8.286030E+0 6.33504313 7.628868E+0
 6.36384875 7.018129E+0 6.39265438 6.449937E+0 6.42146000 5.920845E+0
 6.45026563 5.427783E+0 6.47907125 4.968009E+0 6.50787688 4.539073E+0
 6.53668250 4.138777E+0 6.56548813 3.765156E+0 6.59109313 3.454008E+0
 6.61509782 3.179181E+0 6.63910250 2.919819E+0 6.66310719 2.675148E+0
 6.68711188 2.444458E+0 6.70951625 2.241181E+0 6.73512125 2.022452E+0
 6.76072625 1.817590E+0 6.78633125 1.626021E+0 6.81113610 1.452637E+0
 6.83354048 1.305996E+0 6.85594485 1.168510E+0 6.87834923 1.039903E+0
 6.89515250 9.491193E-1 6.91435625 8.511780E-1 6.93356000 7.593065E-1
 6.94796282 6.943122E-1 6.96236563 6.326163E-1 6.97596829 5.773372E-1
 6.99197141 5.159745E-1 7.00397375 4.725286E-1 7.01597610 4.312694E-1
 7.02797844 3.921794E-1 7.04158110 3.504795E-1 7.05278329 3.182003E-1
 7.06398548 2.877720E-1 7.07518766 2.591854E-1 7.08558969 2.342819E-1
 7.09519157 2.126915E-1 7.10479344 1.924380E-1 7.11439532 1.735174E-1
 7.12340150 1.569791E-1 7.13181200 1.425884E-1 7.14022249 1.292139E-1
 7.14653036 1.198488E-1 7.15283822 1.110540E-1 7.15970255 1.021306E-1
 7.16656688 9.388154E-2 7.17343121 8.630648E-2 7.17857945 8.106742E-2
 7.18368917 7.624234E-2 7.18877962 7.180673E-2 7.19387006 6.774179E-2
 7.19896052 6.404757E-2 7.20405096 6.072424E-2 7.20935247 5.765757E-2
 7.21507610 5.479882E-2 7.22079974 5.240980E-2 7.22461549 5.107831E-2
 7.22843125 4.995591E-2 7.23224700 4.904277E-2 7.23606276 4.833905E-2
 7.24050962 4.778339E-2 7.24558759 4.749738E-2 7.24812657 4.749385E-2
 7.25292243 4.774119E-2 7.25771829 4.832104E-2 7.26251415 4.923388E-2
 7.26731000 5.048021E-2 7.27154165 5.185729E-2 7.27577329 5.349481E-2
 7.28000493 5.539316E-2 7.28423657 5.755276E-2 7.28987875 6.083938E-2
 7.29495673 6.419600E-2 7.30003469 6.793115E-2 7.30511266 7.204571E-2
 7.31019063 7.654056E-2 7.31526860 8.141664E-2 7.32034657 8.667493E-2
 7.32711719 9.428226E-2 7.33388782 1.025733E-1 7.34065844 1.115507E-1
 7.34799329 1.220539E-1 7.35589235 1.342736E-1 7.36379141 1.474399E-1
 7.37169047 1.615578E-1 7.38015375 1.777459E-1 7.38918125 1.962312E-1
 7.39820875 2.159818E-1 7.40723625 2.370066E-1 7.41739219 2.621938E-1
 7.42867657 2.921013E-1 7.43996094 3.240509E-1 7.45124532 3.580635E-1
 7.46365813 3.978866E-1 7.47719938 4.442440E-1 7.49074063 4.936832E-1
 7.50428188 5.462482E-1 7.51895157 6.067741E-1 7.53474969 6.761875E-1
 7.55054782 7.500656E-1 7.56634594 8.284896E-1 7.58327250 9.176569E-1
 7.60132750 1.018754E+0 7.61938250 1.126172E+0 7.63743750 1.240065E+0
 7.65774938 1.376140E+0 7.68031813 1.537493E+0 7.70288688 1.709890E+0
 7.72545563 1.893718E+0 7.75028125 2.109619E+0 7.77059313 2.297323E+0
 7.79767563 2.563700E+0 7.82475813 2.849266E+0 7.85296907 3.168123E+0
 7.87666625 3.453634E+0 7.90036344 3.756029E+0 7.92406063 4.076062E+0
 7.95565688 4.531600E+0 7.98048250 4.913850E+0 8.00756500 5.356632E+0
 8.03464750 5.827768E+0 8.06173000 6.328873E+0 8.08881250 6.861706E+0
 8.11589500 7.428186E+0 8.14636282 8.108301E+0 8.17683063 8.836808E+0
 8.20729844 9.616995E+0 8.23776625 1.045230E+1 8.26823407 1.134650E+1
 8.30095875 1.237742E+1 8.33481188 1.352696E+1 8.36866500 1.476827E+1
 8.40251813 1.610947E+1 8.43637125 1.755946E+1 8.47022438 1.912812E+1
 8.50407750 2.082638E+1 8.53793063 2.266626E+1 8.57178375 2.466103E+1
 8.60563688 2.682568E+1 8.63949000 2.917759E+1 8.67334313 3.173699E+1
 8.70719625 3.452664E+1 8.74104938 3.757167E+1 8.77490250 4.089999E+1
 8.80875563 4.454333E+1 8.84035188 4.826006E+1 8.87081969 5.216560E+1
 8.90128750 5.642178E+1 8.93175532 6.106793E+1 8.96222313 6.614897E+1
 8.99223957 7.163011E+1 9.02135325 7.745083E+1 9.05046694 8.382779E+1
 9.07958063 9.082805E+1 9.10869432 9.852830E+1 9.13780800 1.070174E+2
 9.16489050 1.157139E+2 9.19197300 1.252822E+2 9.21905550 1.358373E+2
 9.24613800 1.475131E+2 9.27322050 1.604651E+2 9.29849750 1.738657E+2
 9.32287175 1.881538E+2 9.34724600 2.039682E+2 9.37162025 2.215244E+2
 9.38786975 2.343197E+2 9.40411925 2.480878E+2 9.42668800 2.690086E+2
 9.44835400 2.913160E+2 9.47002000 3.161212E+2 9.48446400 3.342278E+2
 9.49890800 3.537378E+2 9.51335200 3.747957E+2 9.52779600 3.975649E+2
 9.54675375 4.303608E+2 9.55939225 4.542788E+2 9.57203075 4.800321E+2
 9.58466925 5.078089E+2 9.59730775 5.378222E+2 9.60994625 5.703136E+2
 9.62258475 6.055583E+2 9.63432050 6.410256E+2 9.64515350 6.763608E+2
 9.65598650 7.144517E+2 9.66681950 7.555893E+2 9.67765250 8.001045E+2
 9.68848550 8.483742E+2 9.69931850 9.008300E+2 9.71015150 9.579670E+2
 9.72008175 1.014941E+3 9.72910925 1.070988E+3 9.73813675 1.131530E+3
 9.74716425 1.197058E+3 9.75619175 1.268133E+3 9.76521925 1.345393E+3
 9.77424675 1.429571E+3 9.78327425 1.521510E+3 9.79185038 1.616924E+3
 9.79997513 1.715450E+3 9.80809988 1.822837E+3 9.81622463 1.940149E+3
 9.82434938 2.068600E+3 9.83247413 2.209575E+3 9.84059888 2.364656E+3
 9.84872363 2.535643E+3 9.85594563 2.702630E+3 9.86226488 2.861635E+3
 9.86858413 3.033916E+3 9.87490338 3.220772E+3 9.88122263 3.423614E+3
 9.88754188 3.643969E+3 9.89386113 3.883471E+3 9.90018038 4.143863E+3
 9.90604825 4.405965E+3 9.91146475 4.666623E+3 9.91688125 4.946523E+3
 9.92229775 5.246927E+3 9.92771425 5.569096E+3 9.93313075 5.914279E+3
 9.93854725 6.283686E+3 9.94396375 6.678461E+3 9.95163713 7.283175E+3
 9.95908482 7.923184E+3 9.96653250 8.617162E+3 9.97398019 9.365936E+3
 9.98142788 1.016929E+4 9.99045538 1.121403E+4 9.99858013 1.221653E+4
 10.0107673 1.381583E+4 10.0261140 1.594556E+4 10.0477800 1.899433E+4
 10.0586130 2.044087E+4 10.0694460 2.176984E+4 10.0766680 2.256574E+4
 10.0853344 2.340267E+4 10.0940008 2.408998E+4 10.1012228 2.453488E+4
 10.1084448 2.485442E+4 10.1163529 2.505345E+4 10.1213000 2.509584E+4
 10.1289914 2.503552E+4 10.1351662 2.487722E+4 10.1423882 2.457176E+4
 10.1503324 2.409371E+4 10.1589988 2.341647E+4 10.1669430 2.266913E+4
 10.1777760 2.148723E+4 10.1886090 2.016115E+4 10.2044072 1.806997E+4
 10.2292328 1.471234E+4 10.2427740 1.297789E+4 10.2518015 1.189206E+4
 10.2608290 1.087326E+4 10.2696309 9.949609E+3 10.2784327 9.097149E+3
 10.2872345 8.315996E+3 10.2960363 7.604514E+3 10.3019042 7.167472E+3
 10.3077720 6.758969E+3 10.3149940 6.293477E+3 10.3222160 5.866721E+3
 10.3294380 5.476023E+3 10.3366600 5.118665E+3 10.3438820 4.791962E+3
 10.3511040 4.493312E+3 10.3583260 4.220232E+3 10.3655480 3.970386E+3
 10.3736728 3.714379E+3 10.3817975 3.482191E+3 10.3899223 3.271248E+3
 10.3980470 3.079248E+3 10.4061718 2.904130E+3 10.4142965 2.744072E+3
 10.4224213 2.597451E+3 10.4305460 2.462845E+3 10.4404763 2.312816E+3
 10.4504065 2.176866E+3 10.4603368 2.053280E+3 10.4702670 1.940594E+3
 10.4801973 1.837542E+3 10.4901275 1.743041E+3 10.5000578 1.656149E+3
 10.5099880 1.576054E+3 10.5244320 1.470251E+3 10.5388760 1.375499E+3
 10.5533200 1.290273E+3 10.5677640 1.213304E+3 10.5822080 1.143533E+3
 10.5966520 1.080066E+3 10.6110960 1.022149E+3 10.6255400 9.691354E+2
 10.6435950 9.089331E+2 10.6616500 8.546249E+2 10.6797050 8.054478E+2
 10.6977600 7.607600E+2 10.7158150 7.200182E+2 10.7338700 6.827597E+2
 10.7519250 6.485888E+2 10.7699800 6.171651E+2 10.7898405 5.854227E+2
 10.8097010 5.563126E+2 10.8295615 5.295449E+2 10.8593523 4.932456E+2
 10.8891430 4.609454E+2 10.9189338 4.320584E+2 10.9437594 4.102421E+2
 10.9735502 3.864195E+2 11.0033409 3.648502E+2 11.0331317 3.452529E+2
 11.0629224 3.273916E+2 11.0927132 3.110644E+2 11.1225039 2.960961E+2
 11.1671900 2.758617E+2 11.2065774 2.599325E+2 11.2459648 2.455378E+2
 11.2853522 2.324811E+2 11.3247395 2.205976E+2 11.3641269 2.097467E+2
 11.4035143 1.998081E+2 11.4625954 1.863893E+2 11.5227878 1.742938E+2
 11.5835359 1.634502E+2 11.6442840 1.537716E+2 11.7050322 1.450904E+2
 11.7657803 1.372685E+2 11.8270998 1.301280E+2 11.8895620 1.235328E+2
 11.9520243 1.175359E+2 12.0144865 1.120643E+2 12.0977694 1.054837E+2
 12.1822273 9.952958E+1 12.2678603 9.411252E+1 12.3534932 8.923206E+1
 12.4391261 8.482014E+1 12.5259672 8.076244E+1 12.6140164 7.702176E+1
 12.7020656 7.361034E+1 12.8341393 6.902533E+1 12.9699398 6.487603E+1
 13.1057402 6.120613E+1 13.2428179 5.791122E+1 13.3824501 5.491360E+1
 13.5220824 5.222484E+1 13.6643412 4.975794E+1 13.7600560 4.823368E+1
 13.9514856 4.546859E+1 14.1483167 4.296694E+1 14.3451477 4.075261E+1
 14.5475326 3.872145E+1 14.7499176 3.690634E+1 14.9580131 3.523198E+1
 15.1661086 3.372425E+1 15.3800759 3.232350E+1 15.7040455 3.044636E+1
 16.0340524 2.878493E+1 16.3733711 2.729221E+1 16.7190726 2.595655E+1
 17.0712471 2.475524E+1 17.4299847 2.367150E+1 17.7988446 2.267723E+1
 18.1746431 2.177186E+1 18.6874679 2.068264E+1 19.2147628 1.970953E+1
 19.7569362 1.883244E+1 20.3144078 1.803967E+1 20.8876093 1.732002E+1
 21.4769845 1.666354E+1 22.0829898 1.606331E+1 23.0219812 1.525512E+1
 24.0055455 1.453693E+1 25.0262858 1.389762E+1 26.0954797 1.332220E+1
 27.2050862 1.280494E+1 28.3673647 1.233431E+1 29.5560239 1.191320E+1
 31.2474906 1.139852E+1 33.0357586 1.093850E+1 34.9263677 1.052473E+1
 37.2718554 1.009207E+1 39.5412175 9.736306E+0 42.3939117 9.358515E+0
 45.3237236 9.031219E+0 49.0571566 8.680615E+0 53.1573906 8.359621E+0
 58.0306203 8.042415E+0 63.1425842 7.764356E+0 69.4967983 7.475749E+0
 76.7587573 7.201003E+0 85.1132907 6.937164E+0 95.2496284 6.669053E+0
 107.638486 6.394678E+0 123.406123 6.098738E+0 149.132302 5.679292E+0
 172.961552 5.291440E+0 185.350409 5.058772E+0 194.360487 4.858714E+0
 201.118045 4.680689E+0 206.749344 4.504757E+0 211.254383 4.338581E+0
 214.633162 4.193976E+0 218.011942 4.026960E+0 221.390721 3.830788E+0
 223.643240 3.679464E+0 225.793760 3.515278E+0 227.944280 3.327689E+0
 229.377960 3.186953E+0 230.722035 3.041466E+0 232.066110 2.880680E+0
 233.230975 2.727120E+0 234.395840 2.558525E+0 235.336693 2.409678E+0
 236.277545 2.248213E+0 237.218398 2.072722E+0 238.159250 1.881724E+0
 238.786485 1.745055E+0 239.413720 1.600468E+0 240.085758 1.436451E+0
 240.757795 1.262919E+0 241.429833 1.080217E+0 242.113071 8.862736E-1
 243.546751 4.667382E-1 243.882770 3.713130E-1 244.117983 3.069253E-1
 244.297193 2.597770E-1 244.454002 2.202639E-1 244.588409 1.879678E-1
 244.678014 1.673741E-1 244.778820 1.452211E-1 244.862825 1.276708E-1
 244.935629 1.131974E-1 245.005633 9.998187E-2 245.061636 8.994160E-2
 245.126040 7.902162E-2 245.182043 7.010645E-2 245.226846 6.338655E-2
 245.271648 5.705277E-2 245.316450 5.112379E-2 245.350052 4.695446E-2
 245.383654 4.303252E-2 245.417255 3.936700E-2 245.450858 3.596684E-2
 245.484459 3.284198E-2 245.516661 3.011452E-2 245.546063 2.786043E-2
 245.575465 2.583909E-2 245.599266 2.437827E-2 245.620268 2.322303E-2
 245.641268 2.219623E-2 245.663669 2.124559E-2 245.686070 2.044774E-2
 245.705672 1.987778E-2 245.725273 1.943008E-2 245.742074 1.914554E-2
 245.758875 1.895429E-2 245.779877 1.884892E-2 245.784077 1.884594E-2
 245.800178 1.889117E-2 245.815579 1.901960E-2 245.830979 1.923267E-2
 245.849180 1.959548E-2 245.866681 2.005979E-2 245.887682 2.076934E-2
 245.904483 2.145901E-2 245.921284 2.225922E-2 245.938085 2.317194E-2
 245.954885 2.419911E-2 245.974487 2.554503E-2 245.994088 2.705281E-2
 246.012989 2.866322E-2 246.031890 3.043040E-2 246.051491 3.243196E-2
 246.072492 3.477138E-2 246.093494 3.731694E-2 246.117295 4.045663E-2
 246.142497 4.408365E-2 246.167698 4.802990E-2 246.187299 5.132555E-2
 246.216701 5.665024E-2 246.246102 6.244492E-2 246.268504 6.718495E-2
 246.290905 7.221311E-2 246.313306 7.753656E-2 246.335707 8.316243E-2
 246.363709 9.063139E-2 246.391710 9.859872E-2 246.419712 1.070801E-1
 246.447713 1.160907E-1 246.481315 1.276253E-1 246.514917 1.399745E-1
 246.548519 1.531684E-1 246.582120 1.672377E-1 246.621323 1.848033E-1
 246.660525 2.036588E-1 246.699727 2.238610E-1 246.738929 2.454690E-1
 246.776732 2.676952E-1 246.814534 2.913438E-1 246.852336 3.164761E-1
 246.890138 3.431560E-1 246.927940 3.714501E-1 246.968542 4.037180E-1
 247.010545 4.392411E-1 247.052547 4.770466E-1 247.094550 5.172483E-1
 247.136552 5.599626E-1 247.178554 6.053152E-1 247.234557 6.701189E-1
 247.290560 7.401817E-1 247.346563 8.158630E-1 247.405366 9.017988E-1
 247.455769 9.810951E-1 247.506172 1.065940E+0 247.556575 1.156687E+0
 247.606978 1.253713E+0 247.657380 1.357424E+0 247.707783 1.468260E+0
 247.758186 1.586690E+0 247.808589 1.713220E+0 247.858992 1.848396E+0
 247.909395 1.992808E+0 247.965398 2.164872E+0 248.024201 2.359696E+0
 248.083004 2.570205E+0 248.141808 2.797724E+0 248.200611 3.043697E+0
 248.259415 3.309734E+0 248.318218 3.597593E+0 248.377021 3.909231E+0
 248.435824 4.246813E+0 248.494627 4.612744E+0 248.553430 5.009695E+0
 248.612234 5.440654E+0 248.671037 5.908934E+0 248.729841 6.418279E+0
 248.788644 6.972855E+0 248.847447 7.577379E+0 248.904010 8.210950E+0
 248.959453 8.886742E+0 249.014896 9.622464E+0 249.070339 1.042453E+1
 249.125782 1.130023E+1 249.180665 1.224771E+1 249.234428 1.326250E+1
 249.288191 1.437292E+1 249.341954 1.559027E+1 249.395717 1.692750E+1
 249.449480 1.839960E+1 249.503243 2.002394E+1 249.557006 2.182080E+1
 249.592848 2.312615E+1 249.628690 2.452673E+1 249.664532 2.603161E+1
 249.700374 2.765093E+1 249.736216 2.939616E+1 249.783259 3.189986E+1
 249.830302 3.467711E+1 249.861663 3.670025E+1 249.893025 3.887689E+1
 249.924387 4.122279E+1 249.955749 4.375596E+1 249.987110 4.649688E+1
 250.018472 4.946929E+1 250.049834 5.270019E+1 250.081196 5.622085E+1
 250.112557 6.006730E+1 250.143919 6.428177E+1 250.175281 6.891294E+1
 250.206643 7.401766E+1 250.238004 7.966202E+1 250.264886 8.498819E+1
 250.291767 9.082349E+1 250.318649 9.723231E+1 250.345530 1.042870E+2
 250.372412 1.120708E+2 250.399293 1.206770E+2 250.426175 1.302121E+2
 250.446336 1.380439E+2 250.464257 1.455450E+2 250.486659 1.557026E+2
 250.509060 1.668114E+2 250.531461 1.789692E+2 250.553862 1.922816E+2
 250.576264 2.068633E+2 250.598665 2.228352E+2 250.621066 2.403286E+2
 250.642347 2.584825E+2 250.662509 2.771768E+2 250.682670 2.974372E+2
 250.702831 3.193787E+2 250.722992 3.431185E+2 250.743153 3.687756E+2
 250.763314 3.964699E+2 250.783475 4.263208E+2 250.802516 4.565994E+2
 250.820437 4.870357E+2 250.847318 5.363835E+2 250.874200 5.903756E+2
 250.901081 6.492130E+2 250.927963 7.130631E+2 250.952604 7.760865E+2
 250.976126 8.402972E+2 251.007488 9.320366E+2 251.038850 1.030620E+3
 251.075811 1.155119E+3 251.116133 1.300178E+3 251.156456 1.453224E+3
 251.237100 1.773655E+3 251.299824 2.023012E+3 251.358067 2.241275E+3
 251.393909 2.363852E+3 251.430199 2.475415E+3 251.466937 2.572755E+3
 251.496955 2.638907E+3 251.531900 2.699125E+3 251.567742 2.740730E+3
 251.603047 2.760790E+3 251.622401 2.762804E+3 251.657347 2.750335E+3
 251.688709 2.721829E+3 251.715591 2.684866E+3 251.748297 2.625213E+3
 251.786827 2.536060E+3 251.828494 2.419693E+3 251.873296 2.275858E+3
 251.918099 2.117799E+3 251.999863 1.810166E+3 252.072667 1.535583E+3
 252.119709 1.366292E+3 252.155551 1.244158E+3 252.191393 1.129144E+3
 252.227235 1.021980E+3 252.256357 9.409925E+2 252.289959 8.544682E+2
 252.312360 8.009024E+2 252.334761 7.505835E+2 252.357163 7.034409E+2
 252.379564 6.593883E+2 252.401965 6.183154E+2 252.432207 5.673740E+2
 252.455728 5.311428E+2 252.479250 4.976953E+2 252.502771 4.668650E+2
 252.526293 4.384783E+2 252.549813 4.123691E+2 252.573335 3.883665E+2
 252.596856 3.663126E+2 252.620378 3.460505E+2 252.643899 3.274349E+2
 252.675260 3.049347E+2 252.705503 2.854880E+2 252.735744 2.680003E+2
 252.765986 2.522449E+2 252.796227 2.380213E+2 252.826469 2.251493E+2
 252.856711 2.134706E+2 252.876872 2.062781E+2 252.917194 1.931514E+2
 252.957516 1.814905E+2 252.997838 1.710782E+2 253.042641 1.607544E+2
 253.087443 1.515454E+2 253.132246 1.432841E+2 253.177048 1.358344E+2
 253.221851 1.290840E+2 253.266653 1.229405E+2 253.311456 1.173264E+2
 253.356258 1.121776E+2 253.423462 1.052096E+2 253.490666 9.901685E+1
 253.557870 9.347989E+1 253.625073 8.850263E+1 253.692277 8.400669E+1
 253.759481 7.992777E+1 253.826685 7.621241E+1 253.893888 7.281589E+1
 253.987974 6.852541E+1 254.082059 6.470096E+1 254.176144 6.127340E+1
 254.270229 5.818642E+1 254.364315 5.539364E+1 254.458400 5.285664E+1
 254.599528 4.946172E+1 254.702574 4.724997E+1 254.814580 4.506496E+1
 254.926586 4.307927E+1 255.094595 4.042102E+1 255.262605 3.808753E+1
 255.430614 3.602497E+1 255.598624 3.419050E+1 255.766633 3.254973E+1
 255.934642 3.107474E+1 256.102652 2.974267E+1 256.326664 2.815660E+1
 256.550677 2.675428E+1 256.774689 2.550598E+1 256.998702 2.438811E+1
 257.222714 2.338198E+1 257.558733 2.204970E+1 257.894752 2.089383E+1
 258.230770 1.988247E+1 258.566789 1.899081E+1 258.902808 1.819930E+1
 259.350833 1.727329E+1 259.798858 1.646911E+1 260.314087 1.566651E+1
 260.896519 1.488659E+1 261.478952 1.421608E+1 262.061384 1.363232E+1
 262.666218 1.310140E+1 263.293453 1.261805E+1 263.920688 1.219145E+1
 264.861540 1.163809E+1 265.802393 1.116796E+1 266.743245 1.076373E+1
 267.370480 1.052436E+1 268.714555 1.007725E+1 270.058630 9.702506E+0
 271.402705 9.383201E+0 272.746780 9.108136E+0 274.628485 8.781632E+0
 276.689400 8.483935E+0 278.123080 8.305889E+0 280.862165 8.016810E+0
 283.472975 7.789619E+0 287.389190 7.513095E+0 289.347298 7.397220E+0
 290.000000 7.368092E+0 290.000000 3.010437E+1 298.182785 2.988804E+1
 300.000000 2.984000E+1 308.464950 2.958659E+1 317.168751 2.932603E+1
 322.370980 2.917029E+1 331.467161 2.892842E+1 340.820004 2.867972E+1
 350.436752 2.842400E+1 359.093848 2.819380E+1 369.226220 2.796002E+1
 379.644491 2.771965E+1 390.356730 2.747249E+1 400.000000 2.725000E+1
 411.286600 2.700391E+1 422.891668 2.675087E+1 434.824191 2.649069E+1
 447.093408 2.622318E+1 447.213596 2.622055E+1 459.832398 2.598376E+1
 472.807259 2.574028E+1 486.148225 2.548993E+1 499.865627 2.523252E+1
 500.000000 2.523000E+1 514.108250 2.500640E+1 528.614585 2.477650E+1
 543.530239 2.454011E+1 547.722558 2.447366E+1 563.177372 2.425677E+1
 579.068266 2.403376E+1 595.407546 2.380445E+1 600.000000 2.374000E+1
 616.929900 2.353499E+1 634.337503 2.332420E+1 648.074070 2.315786E+1
 666.360452 2.295788E+1 685.162812 2.275226E+1 700.000000 2.259000E+1
 719.751550 2.240039E+1 740.060420 2.220542E+1 760.942334 2.200495E+1
 782.413464 2.179883E+1 800.000000 2.163000E+1 822.573200 2.144264E+1
 845.783337 2.125000E+1 869.648382 2.105192E+1 894.186816 2.084825E+1
 900.000000 2.080000E+1 925.394850 2.061970E+1 951.506254 2.043431E+1
 978.354430 2.024368E+1 1000.00000 2.009000E+1 1028.21650 1.992329E+1
 1057.22917 1.975187E+1 1087.06048 1.957561E+1 1090.50773 1.955525E+1
 1121.27804 1.939180E+1 1152.91658 1.922375E+1 1176.39699 1.909903E+1
 1209.59080 1.894531E+1 1243.72121 1.878725E+1 1278.81467 1.862473E+1
 1314.89835 1.845763E+1 1343.29973 1.832610E+1 1381.20295 1.817532E+1
 1420.17566 1.802028E+1 1460.24805 1.786086E+1 1483.84041 1.776701E+1
 1525.70919 1.761840E+1 1568.75937 1.746559E+1 1598.81382 1.735891E+1
 1643.92675 1.721726E+1 1690.31261 1.707161E+1 1738.00732 1.692185E+1
 1787.04780 1.676786E+1 1788.19116 1.676427E+1 1838.64766 1.662747E+1
 1890.52786 1.648681E+1 1943.87194 1.634218E+1 1998.72120 1.619347E+1
 2000.00000 1.619000E+1 2056.43300 1.605041E+1 2114.45834 1.590689E+1
 2174.12096 1.575932E+1 2213.36384 1.566225E+1 2275.81722 1.552490E+1
 2340.03282 1.538368E+1 2388.19575 1.527776E+1 2455.58228 1.514716E+1
 2524.87021 1.501287E+1 2596.11321 1.487479E+1 2669.36644 1.473281E+1
 2676.67466 1.471865E+1 2752.20105 1.459283E+1 2829.85853 1.446345E+1
 2909.70723 1.433042E+1 2991.80899 1.419365E+1 3000.00000 1.418000E+1
 3084.64950 1.404440E+1 3171.68751 1.390498E+1 3223.70980 1.382164E+1
 3314.67161 1.369268E+1 3408.20004 1.356009E+1 3504.36752 1.342375E+1
 3590.93848 1.330102E+1 3692.26220 1.317692E+1 3796.44491 1.304931E+1
 3903.56730 1.291811E+1 4000.00000 1.280000E+1 4112.86600 1.267804E+1
 4228.91668 1.255264E+1 4348.24191 1.242371E+1 4470.93408 1.229113E+1
 4472.13596 1.228983E+1 4598.32398 1.217274E+1 4728.07259 1.205234E+1
 4861.48225 1.192854E+1 4998.65627 1.180125E+1 5000.00000 1.180000E+1
 5141.08250 1.169342E+1 5286.14585 1.158384E+1 5435.30239 1.147116E+1
 5477.22558 1.143949E+1 5631.77372 1.133617E+1 5790.68266 1.122994E+1
 5954.07546 1.112070E+1 6000.00000 1.109000E+1 6169.29900 1.099553E+1
 6343.37503 1.089840E+1 6480.74070 1.082176E+1 6663.60452 1.072958E+1
 6851.62812 1.063479E+1 7000.00000 1.056000E+1 7197.51550 1.048099E+1
 7400.60420 1.039976E+1 7609.42334 1.031623E+1 7824.13464 1.023035E+1
 8000.00000 1.016000E+1 8225.73200 1.008528E+1 8457.83337 1.000846E+1
 8696.48382 9.929464E+0 8941.86816 9.848242E+0 9000.00000 9.829000E+0
 9253.94850 9.758910E+0 9515.06254 9.686843E+0 9783.54430 9.612742E+0
 10000.0000 9.553000E+0 10282.1650 9.488816E+0 10572.2917 9.422821E+0
 10870.6048 9.354964E+0 10905.0773 9.347123E+0 11212.7804 9.286861E+0
 11529.1658 9.224898E+0 11854.4785 9.161188E+0 12188.9704 9.095679E+0
 12532.9005 9.028322E+0 12690.5095 8.997456E+0 13048.5913 8.938032E+0
 13416.7768 8.876932E+0 13795.3513 8.814108E+0 14184.6079 8.749512E+0
 14218.9260 8.743817E+0 14620.1343 8.685019E+0 15032.6633 8.624562E+0
 15456.8325 8.562400E+0 15484.8711 8.558291E+0 15921.8000 8.502276E+0
 16371.0574 8.444681E+0 16832.9914 8.385460E+0 17307.9595 8.324569E+0
 17598.2221 8.287357E+0 18094.7823 8.233115E+0 18605.3538 8.177343E+0
 19130.3317 8.119998E+0 19670.1227 8.061034E+0 20000.0000 8.025000E+0
 20564.3300 7.979803E+0 21144.5834 7.933331E+0 21741.2096 7.885548E+0
 22133.6384 7.854119E+0 22758.1722 7.811245E+0 23400.3282 7.767161E+0
 24060.6035 7.721834E+0 24739.5096 7.675227E+0 25437.5719 7.627305E+0
 25768.3750 7.604596E+0 26495.4684 7.563084E+0 27243.0777 7.520401E+0
 28011.7820 7.476513E+0 28802.1765 7.431387E+0 29614.8731 7.384988E+0
 30000.0000 7.363000E+0 30846.4950 7.331626E+0 31716.8751 7.299368E+0
 32611.8143 7.266199E+0 33532.0056 7.232094E+0 34478.1614 7.197027E+0
 34641.0162 7.190991E+0 35618.4644 7.160350E+0 36623.4928 7.128845E+0
 37656.8796 7.096451E+0 38719.4250 7.063143E+0 39811.9516 7.028895E+0
 40000.0000 7.023000E+0 41128.6600 6.999072E+0 42289.1668 6.974470E+0
 43482.4191 6.949173E+0 44709.3408 6.923162E+0 45970.8819 6.896417E+0
 47268.0193 6.868918E+0 48601.7574 6.840643E+0 49973.1288 6.811570E+0
 50000.0000 6.811000E+0 51410.8250 6.790120E+0 52861.4585 6.768650E+0
 54353.0239 6.746575E+0 55886.6760 6.723877E+0 57463.6024 6.700539E+0
 59085.0241 6.676542E+0 60000.0000 6.663000E+0 61692.9900 6.644039E+0
 63433.7503 6.624542E+0 65223.6287 6.604495E+0 67064.0112 6.583883E+0
 68956.3229 6.562689E+0 70000.0000 6.551000E+0 71975.1550 6.533816E+0
 74006.0420 6.516147E+0 76094.2334 6.497980E+0 78241.3464 6.479300E+0
 80000.0000 6.464000E+0 82257.3200 6.448199E+0 84578.3337 6.431952E+0
 86964.8382 6.415246E+0 89418.6816 6.398069E+0 90000.0000 6.394000E+0
 92539.4850 6.379271E+0 95150.6254 6.364126E+0 97835.4430 6.348554E+0
 100000.000 6.336000E+0 102821.650 6.322738E+0 105722.917 6.309102E+0
 108706.048 6.295082E+0 111773.352 6.280665E+0 114927.205 6.265842E+0
 118170.048 6.250601E+0 120000.000 6.242000E+0 123385.980 6.229641E+0
 126867.501 6.216934E+0 130447.257 6.203868E+0 134128.022 6.190433E+0
 137912.646 6.176619E+0 140000.000 6.169000E+0 143950.310 6.157544E+0
 148012.084 6.145765E+0 152188.467 6.133653E+0 156482.693 6.121200E+0
 160000.000 6.111000E+0 164514.640 6.100165E+0 169156.667 6.089024E+0
 173929.676 6.077569E+0 178837.363 6.065790E+0 180000.000 6.063000E+0
 185078.970 6.052842E+0 190301.251 6.042397E+0 195670.886 6.031658E+0
 200000.000 6.023000E+0 205643.300 6.014535E+0 211445.834 6.005831E+0
 217412.096 5.996882E+0 223546.704 5.987680E+0 229854.410 5.978218E+0
 236340.096 5.968490E+0 243008.787 5.958487E+0 249865.644 5.948202E+0
 250000.000 5.948000E+0 300000.000 5.898000E+0 300000.000 5.897953E+0
 350000.000 5.862984E+0 405643.300 5.648280E+0 456348.713 5.494906E+0
 507054.125 5.386431E+0 565519.075 5.296136E+0 650000.000 5.199001E+0
 800000.000 5.078000E+0 850000.000 5.043989E+0 900000.000 4.940005E+0
 988402.838 4.816844E+0 1142245.64 4.643510E+0 1200000.00 4.583996E+0
 1332720.90 4.400131E+0 1496662.95 4.198454E+0 1600000.00 4.085983E+0
 1671061.48 3.895795E+0 1746524.26 3.709694E+0 1800000.00 3.586014E+0
 1975451.82 3.415762E+0 2178402.56 3.229034E+0 2433859.80 3.009743E+0
 2636681.45 2.848856E+0 2839503.10 2.701138E+0 3042324.75 2.565523E+0
 3250000.00 2.441001E+0 3500000.00 2.310001E+0 3750000.00 2.199001E+0
 4000000.00 2.106001E+0 4250000.00 2.031001E+0 4500000.00 1.971001E+0
 4750000.00 1.926001E+0 5000000.00 1.894001E+0 5500000.00 1.862001E+0
 5989416.31 1.862000E+0 6500000.00 1.887001E+0 7098757.75 1.938271E+0
 7711623.75 2.004972E+0 9500000.00 2.219000E+0 10141082.5 2.285980E+0
 11000000.0 2.364999E+0 12000000.0 2.427999E+0 13000000.0 2.462999E+0
 14000000.0 2.470999E+0 15000000.0 2.453999E+0 16000000.0 2.416999E+0
 17239840.3 2.347171E+0 18253948.5 2.278208E+0 19536113.5 2.180111E+0
 20000000.0 2.143003E+0                                            
