 1.000000E-5 2.238664E+1 1.102400E-5 2.132158E+1 1.215040E-5 2.030920E+1
 1.339460E-5 1.934301E+1 1.476330E-5 1.842455E+1 1.627500E-5 1.754803E+1
 1.793810E-5 1.671479E+1 1.977490E-5 1.591958E+1 2.179560E-5 1.516369E+1
 2.402740E-5 1.444227E+1 2.648260E-5 1.375653E+1 2.919430E-5 1.310207E+1
 3.217750E-5 1.247995E+1 3.547230E-5 1.188623E+1 3.909700E-5 1.132184E+1
 4.310050E-5 1.078320E+1 4.750460E-5 1.027119E+1 5.236900E-5 9.782541E+0
 5.772020E-5 9.318047E+0 6.363060E-5 8.874743E+0 7.013260E-5 8.453350E+0
 7.731390E-5 8.051188E+0 8.521420E-5 7.668896E+0 9.393980E-5 7.304053E+0
 1.035390E-4 6.957237E+0 1.141410E-4 6.626251E+0 1.258040E-4 6.311619E+0
 1.386860E-4 6.011354E+0 1.528580E-4 5.725913E+0 1.685100E-4 5.453505E+0
 1.857290E-4 5.194559E+0 2.047470E-4 4.947431E+0 2.256690E-4 4.712513E+0
 2.487770E-4 4.488314E+0 2.741980E-4 4.275200E+0 3.022750E-4 4.071806E+0
 3.331620E-4 3.878469E+0 3.672770E-4 3.693952E+0 4.048070E-4 3.518554E+0
 4.462580E-4 3.351158E+0 4.918580E-4 3.192037E+0 5.422230E-4 3.040175E+0
 5.976290E-4 2.895820E+0 6.588240E-4 2.758053E+0 7.261450E-4 2.627092E+0
 8.005010E-4 2.502108E+0 8.822990E-4 2.383301E+0 9.726430E-4 2.269915E+0
 1.072032E-3 2.162132E+0 1.181804E-3 2.059269E+0 1.302565E-3 1.961488E+0
 1.435944E-3 1.868170E+0 1.582674E-3 1.779463E+0 1.744735E-3 1.694804E+0
 1.923019E-3 1.614328E+0 2.119930E-3 1.537525E+0 2.336552E-3 1.464518E+0
 2.575808E-3 1.394842E+0 2.839014E-3 1.328609E+0 3.129720E-3 1.265399E+0
 3.449526E-3 1.205314E+0 3.802747E-3 1.147970E+0 4.191326E-3 1.093463E+0
 4.620505E-3 1.041445E+0 5.092645E-3 9.920037E-1 5.614117E-3 9.448267E-1
 6.187788E-3 8.999925E-1 6.821398E-3 8.572153E-1 7.518434E-3 8.165583E-1
 8.288299E-3 7.777506E-1 9.135227E-3 7.408443E-1 1.007065E-2 7.055999E-1
 1.109970E-2 6.720798E-1 1.223628E-2 6.400870E-1 1.348663E-2 6.096994E-1
 1.486762E-2 5.807065E-1 1.638684E-2 5.531535E-1 1.806481E-2 5.268450E-1
 1.991073E-2 5.018166E-1 2.194953E-2 4.779237E-1 2.419242E-2 4.552205E-1
 2.508752E-2 4.470243E-1 2.530000E-2 4.451428E-1 2.789064E-2 4.239582E-1
 3.074061E-2 4.038082E-1 3.388836E-2 3.845718E-1 3.735119E-2 3.662965E-1
 4.117584E-2 3.488856E-1 4.538334E-2 3.323519E-1 5.003046E-2 3.165390E-1
 5.514275E-2 3.014793E-1 6.078921E-2 2.871053E-1 6.700087E-2 2.734454E-1
 7.386156E-2 2.604125E-1 8.140900E-2 2.480388E-1 8.974504E-2 2.362698E-1
 9.891551E-2 2.250530E-1 0.10904416 2.143156E-1 0.12018669 2.041095E-1
 0.13249345 1.943718E-1 0.14603211 1.851172E-1 0.16098536 1.762997E-1
 0.17743543 1.679633E-1 0.19560428 1.599447E-1 0.21559184 1.523163E-1
 0.23766780 1.450381E-1 0.26195356 1.381211E-1 0.28877682 1.315207E-1
 0.31828508 1.252470E-1 0.35087652 1.192940E-1 0.38673036 1.136099E-1
 0.42633038 1.081694E-1 0.46989437 1.029983E-1 0.51801015 9.806064E-2
 0.57094231 9.336808E-2 0.62940509 8.888908E-2 0.68420139 8.525995E-2
 0.75411558 8.116899E-2 0.83133475 7.726571E-2 0.91628356 7.355456E-2
 1.01010825 7.000454E-2 1.11332479 6.663343E-2 1.22732590 6.341459E-2
 1.35273853 6.035475E-2 1.47050859 5.785617E-2 1.62108426 5.505294E-2
 1.78673254 5.238729E-2 1.94228633 5.019517E-2 2.11138271 4.808909E-2
 2.32758196 4.573253E-2 2.56542275 4.349685E-2 2.82811434 4.136069E-2
 3.20505504 3.876901E-2 3.53324306 3.685504E-2 3.84084889 3.528217E-2
 4.17523503 3.377072E-2 4.60187573 3.207651E-2 5.07309399 3.046819E-2
 5.59148119 2.893251E-2 6.24978595 2.726420E-2 6.98559525 2.568045E-2
 7.59376451 2.454606E-2 8.25488127 2.345622E-2 8.97355518 2.240549E-2
 9.89242030 2.123010E-2 10.7536591 2.026639E-2 11.6898778 1.934973E-2
 12.7076042 1.845419E-2 14.0061134 1.746479E-2 15.2254923 1.664896E-2
 16.3239328 1.599117E-2 17.7451022 1.523408E-2 19.2899993 1.450663E-2
 20.9693958 1.380381E-2 22.7950014 1.313652E-2 24.4348127 1.260084E-2
 26.5621192 1.197788E-2 28.8614557 1.138999E-2 31.8167821 1.072888E-2
 34.5867664 1.019351E-2 37.0748456 9.765098E-3 39.6009272 9.374523E-3
 42.4497117 8.979945E-3 46.1454038 8.524809E-3 50.1628447 8.097488E-3
 54.1697796 7.722661E-3 58.5500000 7.364150E-3 64.3198158 6.961720E-3
 69.2635935 6.662275E-3 74.5156565 6.385697E-3 79.8166575 6.142761E-3
 84.3844986 5.961140E-3 90.3697214 5.745888E-3 97.4050974 5.530421E-3
 104.412159 5.349561E-3 112.737500 5.167678E-3 121.638012 5.012515E-3
 130.800000 4.881536E-3 140.917071 4.771913E-3 155.550000 4.660465E-3
 166.772127 4.610778E-3 178.769267 4.585332E-3 183.862500 4.580497E-3
 196.027125 4.592371E-3 209.509086 4.632298E-3 223.367182 4.704151E-3
 237.922472 4.811020E-3 251.538578 4.942281E-3 266.300000 5.114641E-3
 276.800000 5.262172E-3 287.300000 5.430320E-3 299.574271 5.656626E-3
 310.522860 5.886232E-3 318.300000 6.064618E-3 331.290656 6.404170E-3
 341.800000 6.713790E-3 348.300000 6.925234E-3 358.127807 7.275476E-3
 368.232920 7.678913E-3 378.300000 8.129019E-3 388.300000 8.632983E-3
 398.300000 9.201486E-3 405.800000 9.678713E-3 413.300000 1.020020E-2
 420.800000 1.078048E-2 428.300000 1.141749E-2 435.800000 1.213097E-2
 443.300000 1.291902E-2 448.300000 1.349782E-2 453.300000 1.412262E-2
 458.300000 1.479836E-2 463.300000 1.553068E-2 468.300000 1.632605E-2
 473.300000 1.719187E-2 478.300000 1.813669E-2 483.300000 1.917040E-2
 488.300000 2.030397E-2 492.050000 2.122788E-2 495.800000 2.222274E-2
 499.550000 2.329546E-2 503.300000 2.445439E-2 507.050000 2.570908E-2
 510.800000 2.707040E-2 514.550000 2.855083E-2 519.550000 3.073634E-2
 523.300000 3.255053E-2 527.050000 3.454953E-2 530.800000 3.673941E-2
 534.550000 3.916801E-2 538.300000 4.184555E-2 542.050000 4.483706E-2
 544.550000 4.701631E-2 547.050000 4.936568E-2 549.550000 5.190344E-2
 552.050000 5.465040E-2 554.550000 5.763031E-2 557.050000 6.087043E-2
 559.550000 6.440211E-2 562.050000 6.826162E-2 564.550000 7.249103E-2
 565.800000 7.473727E-2 568.300000 7.961309E-2 570.800000 8.499733E-2
 573.300000 9.096355E-2 576.112500 9.845675E-2 577.987500 1.040033E-1
 579.862500 1.100507E-1 581.737500 1.166542E-1 583.612500 1.238851E-1
 585.487500 1.318251E-1 587.362500 1.405711E-1 589.237500 1.502357E-1
 591.112500 1.609537E-1 592.987500 1.728742E-1 594.393750 1.826961E-1
 595.800000 1.934291E-1 597.518750 2.078934E-1 598.807813 2.198579E-1
 600.096875 2.329014E-1 601.464063 2.480679E-1 602.831251 2.647882E-1
 604.217969 2.835612E-1 605.565625 3.038127E-1 606.893750 3.259993E-1
 608.065625 3.476824E-1 609.237500 3.716284E-1 610.018750 3.890099E-1
 611.190625 4.174961E-1 612.069532 4.409819E-1 613.143750 4.725035E-1
 613.925000 4.976212E-1 614.706250 5.248152E-1 615.487500 5.543211E-1
 616.268750 5.864091E-1 617.050000 6.213899E-1 617.831250 6.596227E-1
 618.612500 7.015238E-1 619.393750 7.475788E-1 620.175000 7.983560E-1
 620.956250 8.545247E-1 621.737500 9.168769E-1 622.323438 9.682597E-1
 622.909375 1.024112E+0 623.495313 1.084969E+0 624.081250 1.151445E+0
 624.667188 1.224257E+0 625.229688 1.300881E+0 625.780469 1.383133E+0
 626.331250 1.473512E+0 626.882032 1.573045E+0 627.432813 1.682984E+0
 627.956250 1.798585E+0 628.425000 1.912597E+0 628.893750 2.037845E+0
 629.362500 2.175851E+0 629.831250 2.328405E+0 630.300000 2.497626E+0
 630.768750 2.686029E+0 631.237500 2.896625E+0 631.550000 3.051111E+0
 631.862500 3.218311E+0 632.175000 3.399656E+0 632.487500 3.596786E+0
 632.800000 3.811584E+0 633.175000 4.095743E+0 633.550000 4.412906E+0
 633.800000 4.645257E+0 634.050000 4.896441E+0 634.300000 5.168534E+0
 634.550000 5.463894E+0 634.800000 5.785204E+0 635.104688 6.216378E+0
 635.409375 6.697287E+0 635.612500 7.049440E+0 635.815625 7.430067E+0
 636.018750 7.842356E+0 636.221875 8.289912E+0 636.425000 8.776823E+0
 636.659375 9.393690E+0 636.893750 1.007759E+1 637.128125 1.083847E+1
 637.362500 1.168819E+1 637.518750 1.231092E+1 637.675000 1.298431E+1
 637.885938 1.398370E+1 638.096875 1.510163E+1 638.237500 1.592211E+1
 638.378125 1.681034E+1 638.518750 1.777384E+1 638.659375 1.882117E+1
 638.800000 1.996211E+1 638.925000 2.106385E+1 639.050000 2.225731E+1
 639.175000 2.355260E+1 639.300000 2.496119E+1 639.425000 2.649614E+1
 639.550000 2.817232E+1 639.675000 3.000671E+1 639.800000 3.201874E+1
 639.940625 3.452246E+1 640.081250 3.731594E+1 640.175000 3.936007E+1
 640.268750 4.156618E+1 640.362500 4.395010E+1 640.456250 4.652925E+1
 640.550000 4.932277E+1 640.667188 5.314809E+1 640.784375 5.738576E+1
 640.901563 6.208474E+1 641.018750 6.729751E+1 641.135938 7.307933E+1
 641.245313 7.903839E+1 641.350782 8.534137E+1 641.456250 9.222691E+1
 641.561719 9.972375E+1 641.667188 1.078494E+2 641.737500 1.136177E+2
 641.865625 1.248333E+2 641.993750 1.368929E+2 642.185938 1.562388E+2
 642.531250 1.920656E+2 642.643750 2.029654E+2 642.762500 2.134389E+2
 642.856250 2.206917E+2 642.950000 2.268370E+2 643.043750 2.317020E+2
 643.137500 2.351442E+2 643.200000 2.365955E+2 643.297500 2.374587E+2
 643.365000 2.370434E+2 643.455000 2.352128E+2 643.531250 2.325559E+2
 643.625000 2.279820E+2 643.718750 2.220945E+2 643.825000 2.140459E+2
 643.900000 2.076278E+2 644.050000 1.934212E+2 644.300000 1.675964E+2
 644.487500 1.481613E+2 644.620313 1.350065E+2 644.760938 1.219357E+2
 644.866407 1.128118E+2 644.971875 1.043107E+2 645.077344 9.644206E+1
 645.190625 8.868448E+1 645.307813 8.138567E+1 645.425000 7.478114E+1
 645.542188 6.881833E+1 645.659375 6.344166E+1 645.737500 6.015524E+1
 645.823438 5.679327E+1 645.909375 5.367667E+1 645.995313 5.078599E+1
 646.081250 4.810314E+1 646.210157 4.443180E+1 646.339063 4.113853E+1
 646.425000 3.913029E+1 646.534375 3.676891E+1 646.643750 3.460473E+1
 646.753125 3.261778E+1 646.862500 3.079032E+1 646.971875 2.910662E+1
 647.081250 2.755270E+1 647.190625 2.611613E+1 647.300000 2.478585E+1
 647.425000 2.338310E+1 647.550000 2.209331E+1 647.675000 2.090502E+1
 647.800000 1.980814E+1 647.925000 1.879375E+1 648.112500 1.740981E+1
 648.300000 1.617096E+1 648.456250 1.523542E+1 648.612500 1.437771E+1
 648.768750 1.358956E+1 648.925000 1.286377E+1 649.081250 1.219404E+1
 649.237500 1.157482E+1 649.471875 1.073021E+1 649.643750 1.016786E+1
 649.831250 9.603024E+0 650.018750 9.083615E+0 650.206250 8.604842E+0
 650.393750 8.162547E+0 650.675000 7.559743E+0 650.956250 7.020708E+0
 651.175000 6.640022E+0 651.425000 6.241424E+0 651.675000 5.877454E+0
 651.925000 5.544237E+0 652.175000 5.238422E+0 652.425000 4.957095E+0
 652.675000 4.697721E+0 652.925000 4.458083E+0 653.190625 4.222918E+0
 653.471875 3.993543E+0 653.753125 3.782273E+0 654.034375 3.587258E+0
 654.456250 3.321723E+0 654.878125 3.084489E+0 655.300000 2.871685E+0
 655.675000 2.700417E+0 656.050000 2.544008E+0 656.425000 2.400865E+0
 656.800000 2.269555E+0 657.175000 2.148702E+0 657.550000 2.037102E+0
 658.112500 1.885081E+0 658.534375 1.781850E+0 659.003125 1.676680E+0
 659.471875 1.580479E+0 659.940625 1.492390E+0 660.409375 1.411576E+0
 660.878125 1.337181E+0 661.346875 1.268438E+0 662.050000 1.174689E+0
 662.753125 1.090881E+0 663.456250 1.015690E+0 664.159375 9.479783E-1
 664.862500 8.867869E-1 665.565625 8.313059E-1 666.268750 7.808477E-1
 666.971875 7.348245E-1 667.675000 6.927324E-1 668.378125 6.541368E-1
 669.081250 6.186616E-1 670.018750 5.756562E-1 670.956250 5.369591E-1
 671.893750 5.020145E-1 672.831250 4.703533E-1 673.768750 4.415773E-1
 674.706250 4.153471E-1 675.643750 3.913716E-1 676.581250 3.694000E-1
 677.518750 3.492223E-1 678.456250 3.307250E-1 679.862500 3.055314E-1
 681.268750 2.830433E-1 682.675000 2.629308E-1 684.081250 2.448712E-1
 685.487500 2.285953E-1 686.893750 2.138770E-1 688.300000 2.005250E-1
 689.706250 1.883758E-1 691.112500 1.772893E-1 692.518750 1.671451E-1
 693.925000 1.578390E-1 695.331250 1.492814E-1 696.737500 1.413945E-1
 698.612500 1.318064E-1 700.487500 1.231524E-1 702.362500 1.153150E-1
 704.237500 1.081952E-1 706.112500 1.017081E-1 707.987500 9.578128E-2
 709.862500 9.035210E-2 712.050000 8.457546E-2 713.300000 8.152949E-2
 715.800000 7.589546E-2 718.300000 7.080758E-2 720.800000 6.620872E-2
 723.300000 6.203844E-2 725.800000 5.824531E-2 728.300000 5.478538E-2
 730.800000 5.162092E-2 733.300000 4.871937E-2 735.800000 4.605253E-2
 738.300000 4.359588E-2 740.800000 4.132802E-2 743.300000 3.923018E-2
 745.800000 3.728588E-2 749.550000 3.463072E-2 753.300000 3.223693E-2
 757.050000 3.008701E-2 760.800000 2.813565E-2 764.550000 2.637112E-2
 768.925000 2.451120E-2 772.050000 2.329489E-2 775.800000 2.195177E-2
 779.550000 2.071981E-2 783.300000 1.958717E-2 787.050000 1.854353E-2
 790.800000 1.757987E-2 794.550000 1.668830E-2 798.925000 1.573267E-2
 803.300000 1.485174E-2 808.300000 1.393277E-2 813.300000 1.309530E-2
 818.300000 1.233006E-2 823.300000 1.162905E-2 828.300000 1.098534E-2
 833.300000 1.039291E-2 840.127389 9.658199E-3 845.609556 9.120688E-3
 851.091723 8.628460E-3 856.573890 8.179330E-3 860.228668 7.889803E-3
 867.538223 7.364365E-3 874.847779 6.889223E-3 882.157334 6.458230E-3
 889.466890 6.066147E-3 896.776445 5.708489E-3 904.086001 5.381390E-3
 911.395557 5.081515E-3 918.705113 4.805967E-3 926.014668 4.552221E-3
 933.324224 4.318075E-3 940.633779 4.101590E-3 947.943335 3.901064E-3
 955.252890 3.714993E-3 962.562447 3.542046E-3 969.872003 3.381038E-3
 980.836337 3.160509E-3 991.800672 2.959682E-3 1002.76500 2.779194E-3
 1013.72934 2.613949E-3 1024.69368 2.464550E-3 1035.65801 2.327125E-3
 1046.62234 2.202224E-3 1057.58667 2.086922E-3 1072.20578 1.947982E-3
 1086.82490 1.823304E-3 1101.44401 1.711133E-3 1116.06312 1.609919E-3
 1130.68223 1.518347E-3 1145.30134 1.435294E-3 1159.92045 1.359797E-3
 1174.53956 1.291026E-3 1189.15867 1.228264E-3 1203.77778 1.170890E-3
 1218.39689 1.118364E-3 1233.01600 1.070213E-3 1247.63511 1.026022E-3
 1262.25422 9.854290E-4 1276.87333 9.481140E-4 1298.80200 8.979600E-4
 1320.73067 8.531870E-4 1342.65934 8.141690E-4 1364.58800 7.794090E-4
 1386.51667 7.492720E-4 1408.44533 7.226190E-4 1430.37400 6.998210E-4
 1452.30267 6.800020E-4 1481.54089 6.585210E-4 1510.77911 6.421550E-4
 1540.01733 6.307360E-4 1569.25556 6.242230E-4 1591.18423 6.226250E-4
 1613.11289 6.240340E-4 1635.04156 6.287470E-4 1656.97022 6.365870E-4
 1678.89889 6.486030E-4 1700.82755 6.645590E-4 1715.44666 6.780620E-4
 1730.06577 6.940430E-4 1744.68488 7.128100E-4 1759.30399 7.347350E-4
 1778.54274 7.692960E-4 1792.40166 7.985570E-4 1806.26058 8.327310E-4
 1820.11950 8.718030E-4 1829.35878 9.014050E-4 1838.59806 9.341260E-4
 1847.83733 9.703620E-4 1857.07661 1.010574E-3 1866.31589 1.055308E-3
 1875.55517 1.105210E-3 1884.79444 1.161048E-3 1894.03372 1.223744E-3
 1903.27300 1.294410E-3 1914.82210 1.395964E-3 1921.75155 1.465115E-3
 1928.68101 1.541904E-3 1935.61047 1.626675E-3 1942.53993 1.721464E-3
 1949.46939 1.826829E-3 1956.39885 1.945607E-3 1961.01849 2.032785E-3
 1965.63813 2.127367E-3 1970.25777 2.230211E-3 1974.87741 2.342303E-3
 1979.49705 2.464781E-3 1984.11669 2.598964E-3 1988.73633 2.746390E-3
 1993.35597 2.908858E-3 1995.66578 2.995487E-3 2000.28542 3.184471E-3
 2004.90506 3.394512E-3 2010.10216 3.659168E-3 2013.56689 3.855689E-3
 2017.03162 4.070535E-3 2020.49635 4.305790E-3 2023.96108 4.564150E-3
 2027.42581 4.848720E-3 2030.89053 5.163206E-3 2034.35526 5.511922E-3
 2037.81999 5.900077E-3 2040.41854 6.220766E-3 2043.01708 6.570117E-3
 2045.61563 6.951649E-3 2048.21418 7.369458E-3 2050.81273 7.828340E-3
 2053.41127 8.333908E-3 2056.00982 8.892757E-3 2058.60837 9.512631E-3
 2061.20692 1.020271E-2 2063.80546 1.097395E-2 2065.53783 1.153951E-2
 2067.27019 1.215149E-2 2069.03265 1.282666E-2 2070.79510 1.355907E-2
 2072.55755 1.436160E-2 2074.32000 1.524008E-2 2076.29500 1.632668E-2
 2078.27000 1.753709E-2 2079.75125 1.853778E-2 2081.23250 1.962820E-2
 2082.66438 2.077624E-2 2083.99750 2.194163E-2 2085.33063 2.321130E-2
 2086.66375 2.459677E-2 2087.99688 2.611251E-2 2089.33000 2.777536E-2
 2090.66313 2.960419E-2 2091.99625 3.161955E-2 2093.32938 3.385303E-2
 2094.66250 3.633810E-2 2095.99563 3.911142E-2 2097.32875 4.221913E-2
 2098.21750 4.450395E-2 2099.10625 4.698161E-2 2099.99500 4.967446E-2
 2100.88375 5.260822E-2 2101.77250 5.581255E-2 2102.66125 5.932184E-2
 2103.55000 6.317612E-2 2104.58688 6.817179E-2 2105.27813 7.184182E-2
 2105.96938 7.581900E-2 2106.66063 8.013864E-2 2107.35188 8.484121E-2
 2108.04313 8.997265E-2 2108.73438 9.558423E-2 2109.35157 1.010480E-1
 2110.16625 1.090079E-1 2110.70938 1.148556E-1 2111.25250 1.211955E-1
 2111.79563 1.280832E-1 2112.33875 1.355811E-1 2112.88188 1.437627E-1
 2113.42500 1.527129E-1 2114.09157 1.648963E-1 2114.53594 1.738522E-1
 2114.98032 1.835635E-1 2115.42469 1.941172E-1 2115.86907 2.056147E-1
 2116.31344 2.181718E-1 2116.75782 2.319241E-1 2117.15282 2.452781E-1
 2117.67125 2.646429E-1 2118.01688 2.788654E-1 2118.36250 2.942739E-1
 2118.70813 3.110049E-1 2119.05375 3.292126E-1 2119.39938 3.490766E-1
 2119.74500 3.708032E-1 2120.15235 3.991357E-1 2120.55969 4.308725E-1
 2120.83125 4.542043E-1 2121.10282 4.795094E-1 2121.37438 5.070182E-1
 2121.64594 5.369983E-1 2121.91750 5.697574E-1 2122.25079 6.142916E-1
 2122.47298 6.469890E-1 2122.69516 6.824063E-1 2122.91735 7.208610E-1
 2123.13954 7.627136E-1 2123.36173 8.083829E-1 2123.58391 8.583525E-1
 2123.79375 9.100076E-1 2123.99125 9.630915E-1 2124.18875 1.021058E+0
 2124.38625 1.084539E+0 2124.58375 1.154273E+0 2124.78125 1.231134E+0
 2124.97875 1.316157E+0 2125.17625 1.410583E+0 2125.34413 1.499350E+0
 2125.48238 1.579131E+0 2125.62063 1.665712E+0 2125.75888 1.759928E+0
 2125.89713 1.862756E+0 2126.03538 1.975346E+0 2126.17363 2.099059E+0
 2126.31188 2.235525E+0 2126.46000 2.398129E+0 2126.57850 2.542363E+0
 2126.69700 2.701166E+0 2126.79082 2.838694E+0 2126.88463 2.988060E+0
 2126.98338 3.159808E+0 2127.08213 3.348560E+0 2127.18088 3.556878E+0
 2127.27963 3.787831E+0 2127.37838 4.045102E+0 2127.46232 4.287768E+0
 2127.54625 4.555823E+0 2127.62032 4.816490E+0 2127.69438 5.102823E+0
 2127.76844 5.418273E+0 2127.84250 5.766735E+0 2127.91657 6.152696E+0
 2127.97335 6.477037E+0 2128.03754 6.876919E+0 2128.10173 7.315905E+0
 2128.16591 7.798323E+0 2128.22269 8.265243E+0 2128.29675 8.937147E+0
 2128.34613 9.428644E+0 2128.39550 9.958075E+0 2128.44488 1.052861E+1
 2128.49425 1.114312E+1 2128.54363 1.180512E+1 2128.59300 1.251772E+1
 2128.64238 1.328473E+1 2128.69175 1.410946E+1 2128.74113 1.499597E+1
 2128.79050 1.594768E+1 2128.83988 1.696878E+1 2128.88925 1.806270E+1
 2128.93863 1.923368E+1 2128.98800 2.048497E+1 2129.03738 2.182069E+1
 2129.11144 2.398935E+1 2129.18550 2.636583E+1 2129.25957 2.895968E+1
 2129.33363 3.177742E+1 2129.40522 3.471878E+1 2129.47188 3.765144E+1
 2129.53854 4.077007E+1 2129.62741 4.521052E+1 2129.71629 4.995930E+1
 2129.80763 5.513296E+1 2129.91132 6.131645E+1 2130.06438 7.088490E+1
 2130.31125 8.663601E+1 2130.45938 9.565095E+1 2130.55813 1.012172E+2
 2130.65194 1.060398E+2 2130.74082 1.100934E+2 2130.82574 1.134204E+2
 2130.90672 1.160363E+2 2130.99855 1.182856E+2 2131.08940 1.197119E+2
 2131.16129 1.202549E+2 2131.20000 1.203293E+2 2131.27900 1.200065E+2
 2131.35800 1.190523E+2 2131.43503 1.175300E+2 2131.51008 1.155088E+2
 2131.58908 1.128425E+2 2131.67203 1.094969E+2 2131.75794 1.055065E+2
 2131.84682 1.008951E+2 2131.94557 9.530399E+1 2132.10850 8.533524E+1
 2132.42450 6.522744E+1 2132.54300 5.799475E+1 2132.66150 5.115183E+1
 2132.75038 4.633417E+1 2132.82444 4.254977E+1 2132.89850 3.898650E+1
 2132.97257 3.565057E+1 2133.04663 3.254553E+1 2133.12563 2.948624E+1
 2133.18488 2.736024E+1 2133.24413 2.537501E+1 2133.30338 2.352631E+1
 2133.36263 2.180917E+1 2133.42188 2.021803E+1 2133.48113 1.874691E+1
 2133.54038 1.738949E+1 2133.60457 1.603968E+1 2133.65641 1.503569E+1
 2133.70825 1.410388E+1 2133.76010 1.323973E+1 2133.81194 1.243929E+1
 2133.86379 1.169806E+1 2133.91563 1.101228E+1 2133.96747 1.037792E+1
 2134.01932 9.791148E+0 2134.08844 9.077035E+0 2134.14522 8.543592E+0
 2134.21188 7.972681E+0 2134.27854 7.455788E+0 2134.34519 6.987417E+0
 2134.41185 6.562363E+0 2134.47850 6.176173E+0 2134.54516 5.824599E+0
 2134.61182 5.503993E+0 2134.67847 5.211081E+0 2134.74513 4.942818E+0
 2134.83400 4.619080E+0 2134.92288 4.329136E+0 2135.01175 4.068438E+0
 2135.10063 3.833013E+0 2135.18950 3.619597E+0 2135.27838 3.425331E+0
 2135.36725 3.247875E+0 2135.48575 3.033915E+0 2135.60425 2.842248E+0
 2135.72275 2.669638E+0 2135.85360 2.498014E+0 2135.99679 2.329730E+0
 2136.13998 2.178882E+0 2136.28316 2.042996E+0 2136.42635 1.920025E+0
 2136.56954 1.808303E+0 2136.71273 1.706435E+0 2136.85591 1.613250E+0
 2137.01391 1.519297E+0 2137.18673 1.425907E+0 2137.35954 1.341106E+0
 2137.53235 1.263839E+0 2137.70516 1.193214E+0 2137.87798 1.128470E+0
 2138.05079 1.068964E+0 2138.22360 1.014131E+0 2138.42110 9.565657E-1
 2138.64329 8.975674E-1 2138.86548 8.439449E-1 2139.08766 7.950573E-1
 2139.30985 7.503519E-1 2139.53204 7.093610E-1 2139.75423 6.716794E-1
 2139.97641 6.369582E-1 2140.22329 6.014781E-1 2140.49485 5.658058E-1
 2140.76641 5.332483E-1 2141.03797 5.034510E-1 2141.30954 4.761077E-1
 2141.58110 4.509555E-1 2141.85266 4.277629E-1 2142.26000 3.962141E-1
 2142.60563 3.721183E-1 2142.95125 3.501641E-1 2143.29688 3.301017E-1
 2143.64250 3.117204E-1 2143.98813 2.948370E-1 2144.33375 2.792943E-1
 2144.67938 2.649536E-1 2145.02500 2.516947E-1 2145.42000 2.377298E-1
 2145.81500 2.249003E-1 2146.21000 2.130861E-1 2146.60500 2.021825E-1
 2147.19750 1.873372E-1 2147.79000 1.740743E-1 2148.18500 1.660024E-1
 2148.67875 1.566808E-1 2149.17250 1.481254E-1 2149.66625 1.402543E-1
 2150.16000 1.329963E-1 2150.65375 1.262898E-1 2151.39438 1.171486E-1
 2152.13500 1.089754E-1 2152.77688 1.025712E-1 2153.41875 9.671568E-2
 2154.06063 9.134411E-2 2154.70250 8.640566E-2 2155.34438 8.185694E-2
 2155.98625 7.765915E-2 2156.94907 7.194487E-2 2157.66500 6.809650E-2
 2158.45500 6.419904E-2 2159.24500 6.062815E-2 2160.03500 5.734831E-2
 2160.82500 5.432871E-2 2161.61500 5.154253E-2 2162.80000 4.775038E-2
 2163.59000 4.545127E-2 2164.47875 4.305885E-2 2165.36750 4.085151E-2
 2166.70063 3.784741E-2 2168.03375 3.516491E-2 2169.36688 3.276009E-2
 2170.70000 3.059817E-2 2172.03313 2.864522E-2 2173.36625 2.687257E-2
 2174.69938 2.526053E-2 2176.03250 2.379070E-2 2177.36563 2.244683E-2
 2178.69875 2.121511E-2 2179.58750 2.045085E-2 2181.36500 1.904401E-2
 2183.14250 1.777706E-2 2184.92000 1.663391E-2 2186.89500 1.549040E-2
 2188.87000 1.446281E-2 2190.84500 1.353602E-2 2192.82000 1.269902E-2
 2195.33478 1.174310E-2 2197.84956 1.089197E-2 2200.36433 1.013240E-2
 2202.87910 9.451677E-3 2205.39388 8.839271E-3 2207.90865 8.286368E-3
 2210.42343 7.785541E-3 2212.93820 7.330491E-3 2215.45298 6.915825E-3
 2217.96775 6.536911E-3 2219.64426 6.302116E-3 2222.99730 5.870884E-3
 2226.35033 5.484605E-3 2229.70336 5.137464E-3 2233.05639 4.824195E-3
 2236.40943 4.540705E-3 2239.76246 4.283223E-3 2243.11549 4.048799E-3
 2246.46852 3.834674E-3 2249.82156 3.638757E-3 2255.40994 3.347921E-3
 2259.88065 3.141582E-3 2264.35135 2.955961E-3 2268.82206 2.788406E-3
 2273.29277 2.636678E-3 2277.76348 2.498875E-3 2282.23419 2.373372E-3
 2286.70490 2.258776E-3 2291.17561 2.153887E-3 2295.64632 2.057665E-3
 2302.35239 1.927910E-3 2309.05845 1.812528E-3 2315.76452 1.710416E-3
 2322.47058 1.618951E-3 2329.17665 1.537427E-3 2335.88270 1.463969E-3
 2342.58877 1.398117E-3 2353.76554 1.302252E-3 2362.70696 1.236201E-3
 2371.64838 1.178238E-3 2380.58980 1.127274E-3 2389.53122 1.082404E-3
 2398.47264 1.042883E-3 2407.41405 1.008086E-3 2416.35547 9.774910E-4
 2425.29689 9.506610E-4 2434.23831 9.272290E-4 2447.65044 8.980110E-4
 2461.06257 8.744820E-4 2474.47470 8.568530E-4 2488.45274 8.434740E-4
 2502.71374 8.354660E-4 2516.97473 8.321990E-4 2531.23573 8.343710E-4
 2545.49672 8.413220E-4 2559.75772 8.541030E-4 2574.01872 8.723360E-4
 2583.52605 8.882310E-4 2593.03338 9.073140E-4 2602.54071 9.299260E-4
 2612.04804 9.564920E-4 2621.55537 9.875400E-4 2631.06270 1.023727E-3
 2640.57004 1.065871E-3 2650.07737 1.115004E-3 2659.58470 1.172308E-3
 2666.71520 1.221782E-3 2673.84570 1.277576E-3 2680.97620 1.341155E-3
 2688.10669 1.413238E-3 2695.23719 1.496127E-3 2699.99086 1.558039E-3
 2704.74452 1.626197E-3 2709.49819 1.701450E-3 2714.25186 1.784799E-3
 2719.00553 1.877430E-3 2723.75919 1.980760E-3 2726.13602 2.036433E-3
 2730.88969 2.159025E-3 2735.64335 2.296826E-3 2739.20861 2.411949E-3
 2742.77385 2.539137E-3 2746.33910 2.679730E-3 2749.90435 2.835621E-3
 2753.46960 3.009199E-3 2757.03485 3.203170E-3 2760.60010 3.420980E-3
 2764.16534 3.666606E-3 2766.54218 3.848283E-3 2768.91901 4.046301E-3
 2771.29584 4.262694E-3 2773.67267 4.499821E-3 2776.04951 4.760437E-3
 2778.42634 5.047766E-3 2780.80317 5.365598E-3 2783.18000 5.717587E-3
 2785.28000 6.061801E-3 2787.38000 6.442590E-3 2789.48000 6.864435E-3
 2791.58000 7.333464E-3 2793.47000 7.801971E-3 2795.36000 8.320807E-3
 2797.25000 8.896621E-3 2799.14000 9.540122E-3 2800.55750 1.007353E-2
 2801.97500 1.065614E-2 2803.39250 1.129420E-2 2804.81000 1.199492E-2
 2806.22750 1.276606E-2 2807.64500 1.361767E-2 2809.06250 1.456332E-2
 2810.48000 1.561665E-2 2811.89750 1.679414E-2 2813.31500 1.811612E-2
 2814.26000 1.908970E-2 2815.52000 2.051971E-2 2816.78000 2.212280E-2
 2817.62000 2.330186E-2 2818.46000 2.458085E-2 2819.30000 2.597143E-2
 2820.14000 2.748701E-2 2820.98000 2.914307E-2 2822.00375 3.137763E-2
 2822.68625 3.301694E-2 2823.36875 3.479123E-2 2824.05125 3.671545E-2
 2824.73375 3.880626E-2 2825.41625 4.108277E-2 2826.09875 4.356838E-2
 2826.70250 4.596444E-2 2827.49000 4.940742E-2 2828.27750 5.326272E-2
 2828.80250 5.609444E-2 2829.32750 5.916223E-2 2829.85250 6.249300E-2
 2830.37750 6.611779E-2 2830.85000 6.966095E-2 2831.48000 7.485302E-2
 2832.11000 8.065707E-2 2832.53000 8.491528E-2 2832.95000 8.952470E-2
 2833.37000 9.452527E-2 2833.79000 9.996277E-2 2834.18375 1.055040E-1
 2834.55125 1.111080E-1 2834.91875 1.171765E-1 2835.28625 1.237624E-1
 2835.65375 1.309262E-1 2836.02125 1.387375E-1 2836.38875 1.472773E-1
 2836.75625 1.566400E-1 2837.08438 1.657851E-1 2837.37313 1.745216E-1
 2837.66188 1.839786E-1 2837.95063 1.942391E-1 2838.23938 2.053984E-1
 2838.52813 2.175662E-1 2838.81688 2.308691E-1 2839.10563 2.454547E-1
 2839.36813 2.599719E-1 2839.60438 2.741898E-1 2839.84063 2.896311E-1
 2840.07688 3.064428E-1 2840.31313 3.247952E-1 2840.54938 3.448866E-1
 2840.78563 3.669491E-1 2841.02188 3.912560E-1 2841.23188 4.150068E-1
 2841.41563 4.376625E-1 2841.59938 4.622854E-1 2841.78313 4.891181E-1
 2841.96688 5.184438E-1 2842.15063 5.505948E-1 2842.33438 5.859636E-1
 2842.51813 6.250184E-1 2842.68613 6.644273E-1 2842.83838 7.036391E-1
 2842.99063 7.466498E-1 2843.14288 7.940095E-1 2843.29513 8.463817E-1
 2843.44738 9.045760E-1 2843.59963 9.695904E-1 2843.71382 1.023565E+0
 2843.82800 1.082703E+0 2843.94350 1.148562E+0 2844.05900 1.221440E+0
 2844.17450 1.302482E+0 2844.29000 1.393075E+0 2844.37663 1.468291E+0
 2844.46325 1.550646E+0 2844.54988 1.641126E+0 2844.63650 1.740826E+0
 2844.72313 1.851053E+0 2844.79925 1.957751E+0 2844.87013 2.066420E+0
 2844.94100 2.185105E+0 2845.01188 2.314979E+0 2845.08275 2.457264E+0
 2845.15363 2.613394E+0 2845.22450 2.784852E+0 2845.29538 2.973360E+0
 2845.36625 3.180685E+0 2845.43713 3.408860E+0 2845.50800 3.659945E+0
 2845.57100 3.904246E+0 2845.63400 4.170166E+0 2845.69700 4.459485E+0
 2845.76000 4.774061E+0 2845.82300 5.115820E+0 2845.88600 5.486743E+0
 2845.94900 5.888851E+0 2846.01200 6.324189E+0 2846.07500 6.794801E+0
 2846.13800 7.302710E+0 2846.21150 7.945032E+0 2846.27450 8.540399E+0
 2846.33750 9.178976E+0 2846.40050 9.862358E+0 2846.46350 1.059194E+1
 2846.52650 1.136888E+1 2846.58950 1.219405E+1 2846.68400 1.352337E+1
 2846.76275 1.471519E+1 2846.84150 1.598245E+1 2846.94650 1.778557E+1
 2847.05150 1.971019E+1 2847.18275 2.226660E+1 2847.34025 2.550687E+1
 2847.71300 3.342006E+1 2847.87050 3.658568E+1 2847.97550 3.854065E+1
 2848.08050 4.032557E+1 2848.18550 4.190308E+1 2848.27370 4.304270E+1
 2848.38080 4.417144E+1 2848.48160 4.495576E+1 2848.55720 4.535645E+1
 2848.64120 4.560637E+1 2848.69958 4.565698E+1 2848.79240 4.552868E+1
 2848.90790 4.501528E+1 2849.00240 4.431304E+1 2849.09270 4.341755E+1
 2849.18300 4.231816E+1 2849.27750 4.096926E+1 2849.37200 3.944119E+1
 2849.47700 3.756535E+1 2849.64500 3.426802E+1 2849.90750 2.872745E+1
 2850.12800 2.406932E+1 2850.26975 2.121285E+1 2850.36425 1.940256E+1
 2850.45875 1.768203E+1 2850.56375 1.588662E+1 2850.65038 1.450325E+1
 2850.73700 1.321150E+1 2850.82363 1.201206E+1 2850.91025 1.090470E+1
 2850.96800 1.021665E+1 2851.04150 9.397672E+0 2851.11500 8.640263E+0
 2851.18850 7.941972E+0 2851.26200 7.300045E+0 2851.33550 6.711501E+0
 2851.40900 6.173209E+0 2851.48250 5.681951E+0 2851.55600 5.234485E+0
 2851.61900 4.883352E+0 2851.68200 4.560030E+0 2851.74500 4.262577E+0
 2851.80800 3.989114E+0 2851.87100 3.737838E+0 2851.93400 3.507027E+0
 2851.99700 3.295050E+0 2852.06000 3.100367E+0 2852.12300 2.921532E+0
 2852.18600 2.757195E+0 2852.25425 2.594069E+0 2852.33300 2.423239E+0
 2852.41175 2.269080E+0 2852.49050 2.129735E+0 2852.56925 2.003541E+0
 2852.64800 1.889018E+0 2852.72675 1.784847E+0 2852.80550 1.689864E+0
 2852.85800 1.631133E+0 2852.96300 1.523466E+0 2853.06800 1.427283E+0
 2853.16250 1.349189E+0 2853.25700 1.278073E+0 2853.32000 1.234110E+0
 2853.44600 1.153471E+0 2853.57200 1.081306E+0 2853.69800 1.016370E+0
 2853.82400 9.576455E-1 2853.95000 9.042953E-1 2854.07600 8.556261E-1
 2854.20200 8.110604E-1 2854.32800 7.701132E-1 2854.49600 7.204458E-1
 2854.66400 6.756795E-1 2854.83200 6.351529E-1 2855.00000 5.983194E-1
 2855.16800 5.647225E-1 2855.33600 5.339780E-1 2855.52500 5.023955E-1
 2855.73500 4.705784E-1 2855.94500 4.417727E-1 2856.15500 4.155995E-1
 2856.36500 3.917399E-1 2856.57500 3.699227E-1 2856.78500 3.499166E-1
 2856.99500 3.315227E-1 2857.23125 3.125437E-1 2857.49375 2.933400E-1
 2857.75625 2.758829E-1 2858.01875 2.599641E-1 2858.28125 2.454059E-1
 2858.54375 2.320559E-1 2858.80625 2.197829E-1 2859.06875 2.084729E-1
 2859.35750 1.970264E-1 2859.67250 1.855975E-1 2859.98750 1.751485E-1
 2860.30250 1.655688E-1 2860.61750 1.567630E-1 2860.93250 1.486487E-1
 2861.24750 1.411542E-1 2861.72000 1.309409E-1 2862.14000 1.227730E-1
 2862.56000 1.153531E-1 2862.98000 1.085926E-1 2863.40000 1.024157E-1
 2863.82000 9.675682E-2 2864.24000 9.155958E-2 2864.66000 8.677487E-2
 2865.08000 8.236002E-2 2865.55250 7.778915E-2 2866.02500 7.359312E-2
 2866.49750 6.973190E-2 2866.97000 6.617072E-2 2867.67875 6.132611E-2
 2868.38750 5.700191E-2 2868.86000 5.437219E-2 2869.49000 5.114456E-2
 2870.12000 4.820171E-2 2870.75000 4.551177E-2 2871.38000 4.304647E-2
 2872.01000 4.078025E-2 2872.64000 3.869086E-2 2873.58500 3.584908E-2
 2874.26750 3.399034E-2 2875.00250 3.214941E-2 2875.73750 3.045787E-2
 2876.47250 2.890002E-2 2877.57500 2.678442E-2 2878.67750 2.489989E-2
 2879.78000 2.321402E-2 2880.72500 2.190659E-2 2881.67000 2.071095E-2
 2882.61500 1.961475E-2 2883.56000 1.860731E-2 2884.50500 1.767933E-2
 2885.92250 1.641894E-2 2887.34000 1.529612E-2 2888.39000 1.454172E-2
 2889.96500 1.351814E-2 2891.54000 1.260775E-2 2893.11500 1.179282E-2
 2894.69000 1.106099E-2 2896.26500 1.040194E-2 2897.84000 9.806556E-3
 2899.41500 9.267198E-3 2900.99000 8.777823E-3 2902.56500 8.331794E-3
 2904.14000 7.923905E-3 2906.24000 7.433177E-3 2908.34000 6.995647E-3
 2910.44000 6.604315E-3 2912.54000 6.253390E-3 2914.73082 5.925958E-3
 2916.92163 5.631643E-3 2919.11244 5.366762E-3 2921.30325 5.128439E-3
 2923.66433 4.898056E-3 2926.02541 4.692181E-3 2928.38649 4.508265E-3
 2930.74757 4.344156E-3 2934.28920 4.131267E-3 2937.83082 3.953940E-3
 2941.37244 3.808530E-3 2944.91406 3.692210E-3 2948.45568 3.603196E-3
 2952.02541 3.540499E-3 2955.60920 3.504059E-3 2959.19298 3.493466E-3
 2962.56596 3.509537E-3 2965.93893 3.553879E-3 2968.18757 3.600284E-3
 2970.43622 3.661635E-3 2972.68487 3.739551E-3 2974.93352 3.836058E-3
 2977.18217 3.953679E-3 2979.36163 4.090734E-3 2981.54109 4.253606E-3
 2983.72055 4.447632E-3 2985.35514 4.616837E-3 2986.90000 4.798203E-3
 2988.40000 4.997076E-3 2989.90000 5.221524E-3 2991.40000 5.475166E-3
 2992.90000 5.763100E-3 2994.40000 6.091083E-3 2995.90000 6.465823E-3
 2996.90000 6.745799E-3 2997.90000 7.053505E-3 2998.90000 7.392163E-3
 2999.90000 7.764990E-3 3000.90000 8.177083E-3 3001.90000 8.635074E-3
 3002.70000 9.038948E-3 3003.50000 9.480218E-3 3004.30000 9.963417E-3
 3005.10000 1.049388E-2 3005.90000 1.107783E-2 3006.70000 1.172257E-2
 3007.50000 1.243671E-2 3008.30000 1.323042E-2 3008.94000 1.393077E-2
 3009.58000 1.469707E-2 3010.22000 1.553779E-2 3010.86000 1.646283E-2
 3011.50000 1.748373E-2 3012.14000 1.861395E-2 3012.78000 1.986929E-2
 3013.42000 2.126865E-2 3014.08000 2.288720E-2 3014.52000 2.408038E-2
 3014.96000 2.537758E-2 3015.40000 2.679142E-2 3015.84000 2.833626E-2
 3016.28000 3.002869E-2 3016.72000 3.188802E-2 3017.12000 3.374214E-2
 3017.48000 3.556116E-2 3017.84000 3.753995E-2 3018.20000 3.969791E-2
 3018.56000 4.205751E-2 3018.92000 4.464486E-2 3019.28000 4.749049E-2
 3019.64000 5.063024E-2 3019.96000 5.370207E-2 3020.24000 5.663520E-2
 3020.52000 5.982555E-2 3020.80000 6.330448E-2 3021.08000 6.710840E-2
 3021.36000 7.127986E-2 3021.64000 7.586884E-2 3021.92000 8.093433E-2
 3022.16000 8.570822E-2 3022.46000 9.232003E-2 3022.66000 9.718075E-2
 3022.86000 1.024526E-1 3023.06000 1.081848E-1 3023.26000 1.144340E-1
 3023.46000 1.212667E-1 3023.66000 1.287606E-1 3023.83000 1.357185E-1
 3024.00000 1.432863E-1 3024.17000 1.515413E-1 3024.34000 1.605744E-1
 3024.51000 1.704931E-1 3024.68000 1.814262E-1 3024.85000 1.935294E-1
 3025.02000 2.069934E-1 3025.15000 2.183528E-1 3025.28000 2.307745E-1
 3025.41000 2.444144E-1 3025.54000 2.594621E-1 3025.66000 2.748022E-1
 3025.78000 2.917641E-1 3025.87750 3.069281E-1 3025.99500 3.271204E-1
 3026.10750 3.487487E-1 3026.21500 3.718925E-1 3026.30000 3.921920E-1
 3026.39800 4.181463E-1 3026.48900 4.450761E-1 3026.58800 4.779887E-1
 3026.66800 5.077729E-1 3026.74800 5.408406E-1 3026.81600 5.718735E-1
 3026.88400 6.059318E-1 3026.95200 6.433716E-1 3027.02000 6.845879E-1
 3027.08000 7.244386E-1 3027.14000 7.678971E-1 3027.20000 8.153196E-1
 3027.26000 8.670914E-1 3027.32000 9.236279E-1 3027.38000 9.853748E-1
 3027.44000 1.052808E+0 3027.50000 1.126436E+0 3027.56000 1.206795E+0
 3027.62000 1.294451E+0 3027.68000 1.389997E+0 3027.74000 1.494053E+0
 3027.80000 1.607260E+0 3027.86000 1.730275E+0 3027.92000 1.863774E+0
 3027.98000 2.008437E+0 3028.04000 2.164948E+0 3028.10000 2.333988E+0
 3028.16000 2.516223E+0 3028.22000 2.712299E+0 3028.28000 2.922829E+0
 3028.34000 3.148387E+0 3028.40000 3.389491E+0 3028.46000 3.646599E+0
 3028.54000 4.014943E+0 3028.62000 4.413044E+0 3028.70000 4.841212E+0
 3028.78000 5.299368E+0 3028.86000 5.786996E+0 3028.94000 6.303095E+0
 3029.06000 7.127142E+0 3029.18000 8.004180E+0 3029.33200 9.174526E+0
 3029.67600 1.191639E+1 3029.84400 1.319849E+1 3029.96400 1.404643E+1
 3030.08400 1.481300E+1 3030.19600 1.543667E+1 3030.30240 1.593266E+1
 3030.40560 1.631293E+1 3030.50160 1.657007E+1 3030.59760 1.672897E+1
 3030.70000 1.678671E+1 3030.80880 1.672033E+1 3030.91120 1.653912E+1
 3031.00720 1.626827E+1 3031.11280 1.586390E+1 3031.22800 1.530632E+1
 3031.35600 1.456208E+1 3031.50000 1.359664E+1 3031.66800 1.234643E+1
 3032.10000 8.918238E+0 3032.22000 7.999216E+0 3032.34800 7.066146E+0
 3032.44400 6.405799E+0 3032.54000 5.783688E+0 3032.63600 5.202530E+0
 3032.71600 4.750726E+0 3032.78000 4.410886E+0 3032.84400 4.090278E+0
 3032.90800 3.788761E+0 3032.97200 3.506049E+0 3033.03600 3.241736E+0
 3033.10000 2.995308E+0 3033.16400 2.766160E+0 3033.23200 2.540868E+0
 3033.28600 2.374730E+0 3033.34000 2.219391E+0 3033.39400 2.074369E+0
 3033.44800 1.939173E+0 3033.50200 1.813304E+0 3033.55600 1.696266E+0
 3033.61000 1.587563E+0 3033.66400 1.486708E+0 3033.71800 1.393221E+0
 3033.77200 1.306637E+0 3033.84400 1.201150E+0 3033.91600 1.106109E+0
 3033.98800 1.020544E+0 3034.06000 9.435481E-1 3034.13200 8.742759E-1
 3034.20400 8.119461E-1 3034.27600 7.558402E-1 3034.34800 7.053017E-1
 3034.42000 6.597334E-1 3034.49200 6.185949E-1 3034.57000 5.784633E-1
 3034.63000 5.503925E-1 3034.72000 5.123162E-1 3034.81000 4.784817E-1
 3034.90000 4.483055E-1 3034.99000 4.212864E-1 3035.08000 3.969959E-1
 3035.17000 3.750682E-1 3035.26000 3.551917E-1 3035.35000 3.371015E-1
 3035.44000 3.205720E-1 3035.53500 3.046061E-1 3035.64000 2.885054E-1
 3035.74500 2.738190E-1 3035.85000 2.603666E-1 3035.99000 2.440918E-1
 3036.13000 2.294513E-1 3036.27000 2.162095E-1 3036.41000 2.041757E-1
 3036.55000 1.931938E-1 3036.71000 1.817661E-1 3036.89000 1.701530E-1
 3037.07000 1.596780E-1 3037.25000 1.501891E-1 3037.43000 1.415603E-1
 3037.61000 1.336864E-1 3037.79000 1.264785E-1 3037.97000 1.198610E-1
 3038.18000 1.128010E-1 3038.42000 1.054971E-1 3038.66000 9.890431E-2
 3038.90000 9.293119E-2 3039.14000 8.750070E-2 3039.38000 8.254763E-2
 3039.62000 7.801645E-2 3039.86000 7.385957E-2 3040.12000 6.973135E-2
 3040.40000 6.567207E-2 3040.68000 6.196716E-2 3040.96000 5.857599E-2
 3041.24000 5.546368E-2 3041.52000 5.260020E-2 3041.80000 4.995947E-2
 3042.22000 4.636723E-2 3042.58000 4.359735E-2 3042.94000 4.107647E-2
 3043.30000 3.877541E-2 3043.66000 3.666914E-2 3044.02000 3.473613E-2
 3044.38000 3.295775E-2 3044.74000 3.131783E-2 3045.10000 2.980228E-2
 3045.54000 2.810098E-2 3045.98000 2.654768E-2 3046.42000 2.512570E-2
 3046.86000 2.382071E-2 3047.30000 2.262023E-2 3047.96000 2.099189E-2
 3048.62000 1.954268E-2 3049.18000 1.843394E-2 3049.74000 1.742219E-2
 3050.30000 1.649648E-2 3050.86000 1.564744E-2 3051.42000 1.486690E-2
 3052.26000 1.380915E-2 3053.10000 1.286911E-2 3053.82000 1.214415E-2
 3054.54000 1.148431E-2 3055.26000 1.088197E-2 3055.98000 1.033062E-2
 3056.70000 9.824635E-3 3057.78000 9.140259E-3 3058.86000 8.533326E-3
 3059.82000 8.049661E-3 3060.78000 7.611662E-3 3061.74000 7.213850E-3
 3062.70000 6.851518E-3 3063.66000 6.520356E-3 3064.62000 6.216650E-3
 3066.06000 5.806298E-3 3067.10000 5.539628E-3 3068.22000 5.276823E-3
 3069.34000 5.036555E-3 3071.02000 4.713118E-3 3072.70000 4.427278E-3
 3074.38000 4.173414E-3 3076.01236 3.953133E-3 3077.54944 3.766271E-3
 3079.59888 3.543867E-3 3081.64832 3.347728E-3 3083.69775 3.173556E-3
 3086.00606 2.999865E-3 3088.31437 2.846470E-3 3090.62268 2.710325E-3
 3092.93099 2.588942E-3 3095.23931 2.480462E-3 3098.70178 2.338377E-3
 3102.16424 2.215539E-3 3105.62671 2.109370E-3 3109.08917 2.017034E-3
 3112.55164 1.936273E-3 3116.01410 1.865281E-3 3120.63072 1.783319E-3
 3125.24734 1.713548E-3 3129.86395 1.653705E-3 3134.48058 1.602273E-3
 3142.17494 1.531863E-3 3148.33043 1.486213E-3 3154.48592 1.448450E-3
 3160.64142 1.417249E-3 3169.87466 1.380779E-3 3179.10789 1.353729E-3
 3189.60349 1.333069E-3 3200.09909 1.320281E-3 3210.59469 1.314800E-3
 3214.09322 1.314114E-3 3224.58882 1.316823E-3 3235.08441 1.323289E-3
 3249.07854 1.339484E-3 3263.07267 1.362832E-3 3277.06680 1.392845E-3
 3291.06092 1.429269E-3 3305.05505 1.472032E-3 3319.04918 1.521212E-3
 3333.04331 1.577026E-3 3347.03744 1.639813E-3 3361.03157 1.710039E-3
 3375.02570 1.788299E-3 3389.01983 1.875328E-3 3403.01395 1.972016E-3
 3417.00808 2.079435E-3 3431.00221 2.198858E-3 3444.99634 2.331812E-3
 3458.99047 2.480110E-3 3472.98460 2.645928E-3 3486.97873 2.831666E-3
 3497.47433 2.986356E-3 3507.96992 3.155115E-3 3518.46552 3.341193E-3
 3528.96111 3.544903E-3 3539.45671 3.770775E-3 3549.95231 4.019412E-3
 3560.44790 4.296914E-3 3570.94349 4.604367E-3 3577.94056 4.829793E-3
 3584.93762 5.073104E-3 3591.93469 5.336225E-3 3598.93175 5.621348E-3
 3605.92882 5.930979E-3 3612.92588 6.267992E-3 3619.92294 6.635698E-3
 3626.92000 7.037684E-3 3632.74000 7.401466E-3 3638.56000 7.795339E-3
 3644.38000 8.222452E-3 3650.20000 8.686648E-3 3656.02000 9.192341E-3
 3661.84000 9.744626E-3 3667.66000 1.034941E-2 3673.48000 1.101280E-2
 3680.02750 1.184109E-2 3684.39250 1.244714E-2 3688.75750 1.310180E-2
 3693.12250 1.381039E-2 3697.48750 1.457903E-2 3701.85250 1.541469E-2
 3706.21750 1.632534E-2 3710.58250 1.731506E-2 3714.94750 1.840443E-2
 3719.31250 1.960132E-2 3723.67750 2.092037E-2 3728.04250 2.237872E-2
 3732.40750 2.399683E-2 3736.77250 2.579880E-2 3740.04625 2.728815E-2
 3743.32000 2.891159E-2 3746.59375 3.068577E-2 3749.86750 3.262993E-2
 3753.14125 3.476642E-2 3756.41500 3.712137E-2 3759.68875 3.972561E-2
 3762.96250 4.261572E-2 3766.23625 4.583537E-2 3769.51000 4.943690E-2
 3771.69250 5.208101E-2 3773.87500 5.494198E-2 3776.05750 5.802719E-2
 3778.24000 6.139696E-2 3780.42250 6.507792E-2 3782.60500 6.910198E-2
 3784.78750 7.351304E-2 3786.97000 7.836240E-2 3789.15250 8.371019E-2
 3791.33500 8.962720E-2 3793.51750 9.619727E-2 3795.15438 1.016128E-1
 3796.79125 1.075006E-1 3798.42813 1.139175E-1 3800.06500 1.209288E-1
 3801.70188 1.286103E-1 3803.33875 1.370503E-1 3804.97563 1.463523E-1
 3806.61250 1.566378E-1 3808.24938 1.680508E-1 3809.88625 1.807624E-1
 3811.52313 1.949771E-1 3812.61438 2.054041E-1 3814.16032 2.216440E-1
 3815.66079 2.393086E-1 3816.66110 2.523105E-1 3817.66141 2.664187E-1
 3818.66173 2.817518E-1 3819.66204 2.984519E-1 3820.66235 3.166862E-1
 3821.57172 3.347569E-1 3822.39016 3.523802E-1 3823.20860 3.714365E-1
 3824.02704 3.920858E-1 3824.84547 4.145106E-1 3825.66391 4.389214E-1
 3826.48235 4.655600E-1 3827.30079 4.947063E-1 3828.02829 5.229812E-1
 3828.98313 5.639363E-1 3829.61969 5.939797E-1 3830.25625 6.264961E-1
 3830.89282 6.617642E-1 3831.52938 7.000988E-1 3832.16594 7.418613E-1
 3832.80250 7.874695E-1 3833.59366 8.502672E-1 3834.12110 8.964206E-1
 3834.64854 9.464687E-1 3835.17597 1.000865E+0 3835.70341 1.060120E+0
 3836.23085 1.124813E+0 3836.75829 1.195611E+0 3837.22207 1.263529E+0
 3837.82225 1.360365E+0 3838.42244 1.468813E+0 3838.82257 1.548525E+0
 3839.22269 1.634954E+0 3839.62282 1.728889E+0 3840.02294 1.831221E+0
 3840.38669 1.932404E+0 3840.87775 2.082955E+0 3841.20513 2.193376E+0
 3841.53250 2.312864E+0 3841.85988 2.442449E+0 3842.18725 2.583296E+0
 3842.51463 2.736766E+0 3842.84200 2.904413E+0 3843.19666 3.104154E+0
 3843.55132 3.325400E+0 3843.90597 3.571381E+0 3844.26063 3.845990E+0
 3844.49707 4.047233E+0 3844.82444 4.353323E+0 3845.09725 4.636056E+0
 3845.37007 4.947622E+0 3845.66107 5.316350E+0 3845.95207 5.728474E+0
 3846.22488 6.160597E+0 3846.49770 6.644285E+0 3846.67957 6.999546E+0
 3846.86145 7.384524E+0 3847.04332 7.802604E+0 3847.22520 8.257761E+0
 3847.39343 8.715657E+0 3847.54803 9.171314E+0 3847.70262 9.664035E+0
 3847.85721 1.019794E+1 3848.02544 1.083117E+1 3848.20732 1.158471E+1
 3848.38919 1.241951E+1 3848.57107 1.334710E+1 3848.70747 1.411149E+1
 3848.84388 1.494179E+1 3848.98029 1.584489E+1 3849.11669 1.682839E+1
 3849.25310 1.790081E+1 3849.38950 1.907111E+1 3849.52591 2.034932E+1
 3849.66232 2.174589E+1 3849.79872 2.327183E+1 3849.93513 2.493899E+1
 3850.07154 2.675919E+1 3850.20794 2.874427E+1 3850.34435 3.090625E+1
 3850.48075 3.325595E+1 3850.61716 3.580375E+1 3850.75357 3.855791E+1
 3850.88997 4.152446E+1 3851.02638 4.470721E+1 3851.16279 4.810579E+1
 3851.34466 5.296442E+1 3851.48107 5.684099E+1 3851.65385 6.200834E+1
 3851.89938 6.975206E+1 3852.46138 8.812703E+1 3852.69599 9.540969E+1
 3852.90697 1.013873E+2 3853.07065 1.054974E+2 3853.23434 1.090336E+2
 3853.36165 1.113271E+2 3853.50715 1.134061E+2 3853.65265 1.148634E+2
 3853.79815 1.156667E+2 3853.90000 1.158294E+2 3854.04550 1.154873E+2
 3854.16190 1.147317E+2 3854.30740 1.132027E+2 3854.45290 1.110566E+2
 3854.59477 1.084146E+2 3854.73663 1.052842E+2 3854.90577 1.009990E+2
 3855.12948 9.459399E+1 3855.42775 8.519358E+1 3855.91882 6.911325E+1
 3856.17344 6.112659E+1 3856.35532 5.574365E+1 3856.53719 5.069144E+1
 3856.71907 4.600308E+1 3856.86457 4.252644E+1 3857.02825 3.890930E+1
 3857.19194 3.559861E+1 3857.35563 3.258398E+1 3857.51932 2.985036E+1
 3857.68300 2.737980E+1 3857.81032 2.562713E+1 3857.93763 2.401194E+1
 3858.06494 2.252435E+1 3858.19225 2.115476E+1 3858.31957 1.989381E+1
 3858.44688 1.873282E+1 3858.57419 1.766330E+1 3858.70150 1.667739E+1
 3858.86519 1.552091E+1 3859.02888 1.447645E+1 3859.19257 1.353134E+1
 3859.35625 1.267436E+1 3859.51994 1.189545E+1 3859.68363 1.118589E+1
 3859.84732 1.053798E+1 3860.01100 9.945023E+0 3860.19288 9.343359E+0
 3860.37475 8.795170E+0 3860.55663 8.294293E+0 3860.73850 7.835503E+0
 3860.92038 7.414164E+0 3861.10225 7.026337E+0 3861.28413 6.668503E+0
 3861.46600 6.337662E+0 3861.72063 5.914763E+0 3861.97525 5.533282E+0
 3862.22988 5.187903E+0 3862.48450 4.874191E+0 3862.73913 4.588328E+0
 3862.99375 4.327105E+0 3863.24838 4.087727E+0 3863.50300 3.867824E+0
 3863.79400 3.637696E+0 3864.08500 3.427639E+0 3864.37600 3.235375E+0
 3864.66700 3.058939E+0 3864.95800 2.896634E+0 3865.24900 2.746983E+0
 3865.68550 2.543460E+0 3866.01288 2.405374E+0 3866.37663 2.264798E+0
 3866.74038 2.136250E+0 3867.10413 2.018392E+0 3867.46788 1.910068E+0
 3867.83163 1.810278E+0 3868.19538 1.718148E+0 3868.74100 1.592672E+0
 3869.21388 1.494777E+0 3869.68675 1.405679E+0 3870.15963 1.324336E+0
 3870.63250 1.249858E+0 3871.10538 1.181480E+0 3871.57825 1.118551E+0
 3872.05113 1.060510E+0 3872.52400 1.006875E+0 3873.10600 9.462877E-1
 3873.68800 8.910384E-1 3874.27000 8.405153E-1 3874.85200 7.941811E-1
 3875.43400 7.515721E-1 3876.01600 7.122929E-1 3876.59800 6.760062E-1
 3877.18000 6.424189E-1 3877.90750 6.038401E-1 3878.63500 5.686356E-1
 3879.36250 5.364237E-1 3880.09000 5.068742E-1 3880.81750 4.797015E-1
 3881.54500 4.546571E-1 3882.27250 4.315242E-1 3883.00000 4.101129E-1
 3883.81844 3.878762E-1 3884.63688 3.674001E-1 3885.45532 3.485032E-1
 3886.68297 3.227782E-1 3887.91063 2.997987E-1 3889.13829 2.791877E-1
 3890.13860 2.639251E-1 3891.32079 2.474522E-1 3892.50298 2.324925E-1
 3893.68516 2.188667E-1 3894.86735 2.063932E-1 3896.04954 1.949369E-1
 3897.23173 1.844013E-1 3898.41391 1.746959E-1 3899.64157 1.654054E-1
 3900.91469 1.565316E-1 3902.18782 1.483524E-1 3903.46094 1.407973E-1
 3905.37063 1.305013E-1 3907.28032 1.212934E-1 3909.19000 1.130255E-1
 3911.09969 1.055739E-1 3913.00938 9.883463E-2 3914.91907 9.271968E-2
 3916.82875 8.715430E-2 3918.73844 8.207455E-2 3920.64813 7.742555E-2
 3922.55782 7.315997E-2 3924.46750 6.923681E-2 3927.01375 6.447753E-2
 3929.56000 6.019187E-2 3931.74250 5.685520E-2 3933.92500 5.380064E-2
 3936.83500 5.007508E-2 3939.74500 4.672046E-2 3942.65500 4.369129E-2
 3945.56500 4.094682E-2 3948.47500 3.845249E-2 3951.38500 3.617880E-2
 3954.29500 3.410050E-2 3957.20500 3.219585E-2 3960.11500 3.044602E-2
 3963.02500 2.883471E-2 3965.93500 2.734768E-2 3970.30000 2.532309E-2
 3974.66500 2.351513E-2 3979.03000 2.189320E-2 3983.39500 2.043333E-2
 3987.76000 1.911406E-2 3992.12500 1.791842E-2 3996.49000 1.683102E-2
 4001.03688 1.580432E-2 4005.94750 1.479336E-2 4010.85813 1.387554E-2
 4015.76875 1.304005E-2 4020.67938 1.227756E-2 4025.59000 1.158001E-2
 4031.04625 1.087276E-2 4036.50250 1.023093E-2 4040.14000 9.830082E-3
 4045.96000 9.238713E-3 4051.78000 8.698960E-3 4057.60000 8.204996E-3
 4063.42000 7.751791E-3 4069.24000 7.334987E-3 4075.06000 6.950793E-3
 4083.16469 6.464146E-3 4090.85250 6.047467E-3 4098.33188 5.680252E-3
 4105.81125 5.344635E-3 4113.29063 5.038443E-3 4120.77000 4.757150E-3
 4129.49594 4.458173E-3 4140.71500 4.113631E-3 4150.68750 3.839213E-3
 4160.66000 3.591259E-3 4170.63250 3.366478E-3 4180.60500 3.162076E-3
 4190.57750 2.975665E-3 4200.55000 2.805198E-3 4210.52250 2.648912E-3
 4220.49500 2.505278E-3 4230.46750 2.372969E-3 4240.44000 2.250829E-3
 4250.41250 2.137842E-3 4260.38500 2.033118E-3 4270.35750 1.935873E-3
 4280.33000 1.845412E-3 4295.28875 1.721504E-3 4310.24750 1.608913E-3
 4325.20625 1.507590E-3 4340.16500 1.414962E-3 4355.12375 1.331062E-3
 4370.08250 1.253951E-3 4385.04125 1.183704E-3 4397.50688 1.129405E-3
 4400.00000 1.120958E-3 4400.00000 1.939301E-1 4524.15260 1.911629E-1
 4651.80835 1.883175E-1 4690.41576 1.874570E-1 4822.76288 1.847821E-1
 4958.84436 1.820318E-1 5000.00000 1.812000E-1 5141.08250 1.784697E-1
 5286.14585 1.756625E-1 5435.30239 1.727760E-1 5477.22558 1.719646E-1
 5631.77372 1.693735E-1 5790.68266 1.667093E-1 5954.07546 1.639700E-1
 6000.00000 1.632000E-1 6169.29900 1.605874E-1 6343.37503 1.579012E-1
 6480.74070 1.557814E-1 6663.60452 1.532876E-1 6851.62812 1.507234E-1
 7000.00000 1.487000E-1 7197.51550 1.462177E-1 7400.60420 1.436654E-1
 7483.31477 1.426259E-1 7694.46772 1.402451E-1 7911.57867 1.377970E-1
 8000.00000 1.368000E-1 8225.73200 1.344301E-1 8457.83337 1.319933E-1
 8485.28137 1.317051E-1 8724.70631 1.294235E-1 8970.88699 1.270774E-1
 9000.00000 1.268000E-1 9253.94850 1.245446E-1 9486.83298 1.224763E-1
 9754.51820 1.202978E-1 10000.0000 1.183000E-1 10282.1650 1.160829E-1
 10442.7378 1.148211E-1 10737.3953 1.127372E-1 11040.3670 1.105945E-1
 11326.3852 1.085716E-1 11645.9761 1.065841E-1 11974.5848 1.045404E-1
 12160.7024 1.033830E-1 12503.8349 1.014761E-1 12856.6493 9.951543E-2
 12940.9923 9.904671E-2 13306.1418 9.720776E-2 13664.7088 9.540195E-2
 14050.2791 9.362044E-2 14331.0854 9.232298E-2 14735.4585 9.059025E-2
 14940.7689 8.971051E-2 15362.3451 8.807079E-2 15795.8167 8.638480E-2
 16070.7894 8.531530E-2 16524.2508 8.373164E-2 16974.0472 8.216079E-2
 17452.9954 8.067062E-2 17945.4578 7.913841E-2 18425.0087 7.764637E-2
 18944.8980 7.623808E-2 19479.4567 7.479006E-2 20000.0000 7.338000E-2
 20564.3300 7.206202E-2 21039.7901 7.095159E-2 21633.4593 6.967047E-2
 21993.8563 6.889275E-2 22614.4459 6.768287E-2 23252.5465 6.643885E-2
 23768.7505 6.543248E-2 24439.4214 6.426460E-2 25129.0164 6.306377E-2
 25193.3011 6.295183E-2 25904.1679 6.181449E-2 26317.4691 6.115325E-2
 27060.0560 6.006835E-2 27823.5960 5.895285E-2 28098.4710 5.855127E-2
 28891.3115 5.751254E-2 29706.5232 5.644450E-2 30000.0000 5.606000E-2
 30846.4950 5.516812E-2 31716.8751 5.425108E-2 32237.0980 5.370297E-2
 33146.7161 5.283619E-2 34023.7323 5.200047E-2 34983.7629 5.117913E-2
 35970.8823 5.033461E-2 36891.0462 4.954737E-2 37931.9824 4.876478E-2
 39002.2902 4.796010E-2 40000.0000 4.721000E-2 41128.6600 4.653164E-2
 42289.1668 4.583414E-2 42294.8506 4.583072E-2 43488.2633 4.518618E-2
 44715.3498 4.452344E-2 45977.0605 4.384200E-2 45986.3298 4.383700E-2
 47283.9031 4.322049E-2 48618.0893 4.258658E-2 49989.9216 4.193479E-2
 50000.0000 4.193000E-2 51410.8250 4.139520E-2 52861.4585 4.084530E-2
 54353.0239 4.027990E-2 54772.2558 4.012098E-2 56317.7372 3.960925E-2
 57906.8266 3.908308E-2 59540.7546 3.854206E-2 60000.0000 3.839000E-2
 61692.9900 3.792781E-2 63433.7503 3.745258E-2 64807.4070 3.707757E-2
 66636.0452 3.663118E-2 68516.2812 3.617219E-2 70000.0000 3.581000E-2
 71975.1550 3.537442E-2 74006.0420 3.492654E-2 74833.1477 3.474414E-2
 76944.6772 3.432152E-2 79115.7867 3.388697E-2 80000.0000 3.371000E-2
 82257.3200 3.335334E-2 84578.3337 3.298662E-2 86964.8382 3.260956E-2
 89418.6816 3.222185E-2 90000.0000 3.213000E-2 92539.4850 3.179987E-2
 95150.6254 3.146042E-2 97835.4430 3.111139E-2 100000.000 3.083000E-2
 102821.650 3.052941E-2 105722.917 3.022034E-2 108706.048 2.990255E-2
 109544.512 2.981323E-2 112635.475 2.952256E-2 115813.654 2.922368E-2
 119081.510 2.891638E-2 120000.000 2.883000E-2 123385.980 2.857320E-2
 126867.501 2.830914E-2 129614.814 2.810078E-2 133272.090 2.785047E-2
 137032.562 2.759310E-2 140000.000 2.739000E-2 143950.310 2.718261E-2
 148012.084 2.696937E-2 152188.467 2.675010E-2 156482.693 2.652466E-2
 160000.000 2.634000E-2 164514.640 2.614813E-2 169156.667 2.595084E-2
 173929.676 2.574799E-2 178837.363 2.553941E-2 180000.000 2.549000E-2
 185078.970 2.535287E-2 190301.251 2.521187E-2 195670.886 2.506689E-2
 200000.000 2.495000E-2 250000.000 2.418000E-2 250000.000 2.417978E-2
 300000.000 2.382003E-2 347390.807 2.382000E-2 400000.000 2.391002E-2
 500000.000 2.459003E-2 600000.000 2.572003E-2 650000.000 2.650856E-2
 658541.378 2.475438E-2 666112.739 2.332039E-2 670836.974 2.244938E-2
 680727.520 2.078855E-2 691672.080 1.910787E-2 700000.000 1.794050E-2
 712178.479 1.714354E-2 730844.620 1.601462E-2 750000.000 1.496020E-2
 785524.872 1.406564E-2 800000.000 1.372009E-2 850000.000 1.313003E-2
 900000.000 1.275004E-2 963402.838 1.261124E-2 1000000.00 1.256004E-2
 1200000.00 1.319995E-2 1400000.00 1.275988E-2 1447524.83 1.206235E-2
 1484224.21 1.156425E-2 1541025.22 1.085541E-2 1600000.00 1.019013E-2
 1800000.00 1.051995E-2 1950903.64 1.002145E-2 2000000.00 9.867978E-3
 2097617.70 9.370989E-3 2200000.00 8.899010E-3 2330243.35 8.423635E-3
 2400000.00 8.185014E-3 2600000.00 7.734980E-3 2698147.51 7.362011E-3
 2898275.35 6.658329E-3 3000000.00 6.326993E-3 3060636.70 6.098132E-3
 3153897.47 5.770253E-3 3250000.00 5.460024E-3 3420267.06 5.205920E-3
 3500000.00 5.092994E-3 3622844.19 4.870648E-3 3750000.00 4.657994E-3
 3872983.35 4.407254E-3 4000000.00 4.170004E-3 4123105.63 3.974940E-3
 4250000.00 3.788998E-3 4373213.92 3.591347E-3 4623310.50 3.220559E-3
 4873397.17 2.882565E-3 5000000.00 2.726999E-3 5120568.45 2.570545E-3
 5212898.93 2.459122E-3 5354525.57 2.300977E-3 5620951.39 2.028335E-3
 5713407.29 1.939596E-3 5854950.36 1.813714E-3 6060636.70 1.648834E-3
 6167553.88 1.568023E-3 6284570.54 1.486542E-3 6355306.71 1.438707E-3
 6500000.00 1.349001E-3 6667873.06 1.257066E-3 6855609.91 1.163454E-3
 7000000.00 1.098002E-3 7121784.79 1.052415E-3 7308446.20 9.875600E-4
 7500000.00 9.267020E-4 7745966.69 8.731530E-4 8000000.00 8.227020E-4
 8500000.00 7.739020E-4 9000000.00 7.743020E-4 9500000.00 8.075990E-4
 10000000.0 8.156020E-4 11000000.0 9.141990E-4 12000000.0 9.798990E-4
 13000000.0 1.004999E-3 14000000.0 9.869980E-4 14695824.7 9.388280E-4
 15000000.0 9.187980E-4 15491933.4 8.584690E-4 16000000.0 8.020980E-4
 16244345.5 7.631540E-4 16617878.1 7.082520E-4 17000000.0 6.572990E-4
 17244667.2 6.187370E-4 17430475.7 5.913070E-4 17712949.0 5.524250E-4
 18244954.3 4.847890E-4 18430855.1 4.625590E-4 18713263.9 4.311100E-4
 19000000.0 4.018000E-4 19245212.0 3.789480E-4 19431195.6 3.626670E-4
 19713546.4 3.395460E-4 20000000.0 3.179030E-4                      
