 1.000000E-5 1.884866E+1 1.102400E-5 1.798247E+1 1.215040E-5 1.716063E+1
 1.345650E-5 1.634180E+1 1.483440E-5 1.559966E+1 1.635020E-5 1.489592E+1
 1.802440E-5 1.422607E+1 1.986620E-5 1.359117E+1 2.190050E-5 1.298720E+1
 2.413830E-5 1.241511E+1 2.661000E-5 1.187125E+1 2.932910E-5 1.135646E+1
 3.233230E-5 1.086747E+1 3.563620E-5 1.040502E+1 3.928520E-5 9.966175E+0
 4.329950E-5 9.551586E+0 4.773330E-5 9.158595E+0 5.261080E-5 8.787800E+0
 5.799800E-5 8.436796E+0 6.392450E-5 8.106098E+0 7.047010E-5 7.793555E+0
 7.876680E-5 7.458707E+0 8.804030E-5 7.146215E+0 9.840560E-5 6.854991E+0
 1.099910E-4 6.584001E+0 1.229410E-4 6.332233E+0 1.374150E-4 6.098756E+0
 1.535940E-4 5.882624E+0 1.716770E-4 5.682969E+0 1.945580E-4 5.477118E+0
 2.205320E-4 5.289510E+0 2.499260E-4 5.119552E+0 2.832920E-4 4.965581E+0
 3.210500E-4 4.826952E+0 3.689730E-4 4.689182E+0 4.240510E-4 4.567234E+0
 4.942250E-4 4.449580E+0 5.759010E-4 4.347618E+0 6.805430E-4 4.251981E+0
 8.155440E-4 4.164365E+0 9.909210E-4 4.085939E+0 1.237986E-3 4.013036E+0
 1.568168E-3 3.951435E+0 2.071277E-3 3.895325E+0 2.852679E-3 3.847416E+0
 4.152910E-3 3.807655E+0 6.573398E-3 3.775529E+0 1.195545E-2 3.750707E+0
 2.497352E-2 3.734879E+0 2.530000E-2 3.734691E+0 0.10457636 3.723633E+0
 17.2581379 3.682674E+0 54.2590619 3.630261E+0 112.069499 3.584868E+0
 208.107079 3.546449E+0 394.614910 3.512090E+0 832.043288 3.463477E+0
 909.539488 3.438101E+0 941.140000 3.411491E+0 958.978000 3.379672E+0
 968.888000 3.347028E+0 975.948875 3.308160E+0 980.532250 3.268594E+0
 983.876875 3.226306E+0 987.221500 3.163372E+0 989.079625 3.113014E+0
 990.937750 3.043765E+0 992.176500 2.981110E+0 993.167500 2.916431E+0
 993.910750 2.855788E+0 994.468188 2.800988E+0 995.087563 2.727568E+0
 995.706938 2.636313E+0 996.171469 2.551859E+0 996.636000 2.448586E+0
 997.007625 2.347812E+0 997.255375 2.268993E+0 997.503125 2.178597E+0
 997.707519 2.093682E+0 997.949075 1.979555E+0 998.190632 1.850341E+0
 998.518900 1.663640E+0 998.642775 1.600872E+0 998.735682 1.563063E+0
 998.797619 1.544806E+0 998.859557 1.534102E+0 998.890525 1.532207E+0
 998.952463 1.536735E+0 998.998916 1.548639E+0 999.045369 1.569104E+0
 999.091823 1.599368E+0 999.138275 1.640743E+0 999.184729 1.694612E+0
 999.231182 1.762403E+0 999.262150 1.816052E+0 999.296216 1.883486E+0
 999.330282 1.960300E+0 999.364348 2.047063E+0 999.398413 2.144326E+0
 999.432479 2.252625E+0 999.466544 2.372455E+0 999.500610 2.504286E+0
 999.534675 2.648525E+0 999.571838 2.820462E+0 999.609000 3.007976E+0
 999.646163 3.211358E+0 999.683325 3.430757E+0 999.732875 3.748262E+0
 999.773135 4.027056E+0 999.813394 4.324094E+0 999.873784 4.802479E+0
 999.925657 5.242758E+0 999.993013 5.850387E+0 1000.05495 6.439107E+0
 1000.17264 7.610531E+0 1000.33987 9.292153E+0 1000.42162 1.007042E+1
 1000.51081 1.085099E+1 1000.57845 1.137914E+1 1000.64460 1.183148E+1
 1000.71397 1.222910E+1 1000.78829 1.256059E+1 1000.83784 1.272486E+1
 1000.89854 1.286325E+1 1000.97473 1.293993E+1 1000.99021 1.294261E+1
 1001.05215 1.291152E+1 1001.12958 1.278388E+1 1001.19926 1.259318E+1
 1001.26893 1.234046E+1 1001.36184 1.192495E+1 1001.45475 1.144323E+1
 1001.81089 9.402287E+0 1001.95024 8.666551E+0 1002.04315 8.222699E+0
 1002.13605 7.820475E+0 1002.22896 7.460362E+0 1002.32187 7.140994E+0
 1002.41477 6.859650E+0 1002.50768 6.612738E+0 1002.63155 6.330447E+0
 1002.75543 6.093396E+0 1002.87930 5.893296E+0 1003.00318 5.722980E+0
 1003.12705 5.576629E+0 1003.31906 5.386542E+0 1003.51107 5.230283E+0
 1003.70308 5.099181E+0 1003.89508 4.987321E+0 1004.18619 4.845488E+0
 1004.47729 4.728826E+0 1004.91395 4.587726E+0 1005.36919 4.471529E+0
 1005.98857 4.348149E+0 1006.66988 4.243965E+0 1007.41313 4.155764E+0
 1008.40413 4.065781E+0 1009.64288 3.982300E+0 1011.50100 3.893965E+0
 1013.66882 3.823595E+0 1016.45600 3.762028E+0 1019.80063 3.712109E+0
 1023.51688 3.673950E+0 1031.32100 3.624094E+0 1042.12136 3.586055E+0
 1062.22783 3.550503E+0 1102.44074 3.520659E+0 1200.10069 3.495468E+0
 1789.88875 3.437217E+0 1933.47425 3.404466E+0 2007.36349 3.369243E+0
 2055.62144 3.325848E+0 2083.89991 3.282008E+0 2105.61840 3.228084E+0
 2121.07640 3.168362E+0 2132.66990 3.101593E+0 2140.20568 3.040751E+0
 2145.51937 2.984756E+0 2150.44660 2.918597E+0 2153.92465 2.860238E+0
 2157.40270 2.788477E+0 2160.01124 2.722828E+0 2162.61978 2.643543E+0
 2164.35880 2.580894E+0 2166.48428 2.490524E+0 2168.07839 2.409925E+0
 2169.57588 2.321425E+0 2171.02507 2.220873E+0 2171.99119 2.143738E+0
 2172.90901 2.061369E+0 2173.77853 1.973650E+0 2174.64804 1.874756E+0
 2175.51755 1.762550E+0 2176.19384 1.664368E+0 2176.91843 1.546694E+0
 2177.40149 1.460043E+0 2177.88455 1.366020E+0 2178.36762 1.263893E+0
 2178.85068 1.152970E+0 2179.21298 1.063668E+0 2179.57527 9.690212E-1
 2179.94723 8.664608E-1 2180.40373 7.342232E-1 2181.02446 5.501718E-1
 2181.18870 5.032472E-1 2181.35294 4.586896E-1 2181.47612 4.276835E-1
 2181.56549 4.069967E-1 2181.66211 3.868614E-1 2181.73457 3.736470E-1
 2181.80702 3.624046E-1 2181.87948 3.535126E-1 2181.94228 3.480552E-1
 2182.00025 3.451811E-1 2182.03889 3.445747E-1 2182.09686 3.458861E-1
 2182.13550 3.484081E-1 2182.17415 3.523973E-1 2182.22487 3.600942E-1
 2182.26110 3.674799E-1 2182.29734 3.766000E-1 2182.33357 3.876021E-1
 2182.36980 4.006542E-1 2182.40602 4.159312E-1 2182.44467 4.349095E-1
 2182.48331 4.568956E-1 2182.52196 4.821787E-1 2182.56060 5.110469E-1
 2182.59442 5.395175E-1 2182.62823 5.712149E-1 2182.66205 6.064106E-1
 2182.69586 6.453540E-1 2182.72485 6.819563E-1 2182.75383 7.217124E-1
 2182.78281 7.648386E-1 2182.81179 8.115509E-1 2182.85165 8.820794E-1
 2182.89150 9.604351E-1 2182.91807 1.017370E+0 2182.94826 1.086927E+0
 2182.97845 1.161977E+0 2183.01589 1.263194E+0 2183.05332 1.374051E+0
 2183.08956 1.491285E+0 2183.12579 1.618937E+0 2183.16081 1.752956E+0
 2183.19342 1.887777E+0 2183.22603 2.032877E+0 2183.26105 2.200861E+0
 2183.29728 2.388742E+0 2183.33350 2.591820E+0 2183.36974 2.811244E+0
 2183.40596 3.047779E+0 2183.44461 3.320367E+0 2183.48808 3.653457E+0
 2183.53156 4.016568E+0 2183.57504 4.411633E+0 2183.61851 4.840612E+0
 2183.66198 5.305704E+0 2183.69580 5.693902E+0 2183.72961 6.106157E+0
 2183.76343 6.543743E+0 2183.81415 7.249509E+0 2183.86487 8.017770E+0
 2183.91560 8.852117E+0 2183.95183 9.490199E+0 2183.99047 1.021099E+1
 2184.02912 1.097488E+1 2184.08708 1.220369E+1 2184.14505 1.353620E+1
 2184.20302 1.497573E+1 2184.26340 1.659197E+1 2184.32861 1.847415E+1
 2184.39383 2.050017E+1 2184.45904 2.266952E+1 2184.52425 2.498084E+1
 2184.58946 2.743057E+1 2184.67641 3.090219E+1 2184.76336 3.459001E+1
 2184.87206 3.946290E+1 2185.01456 4.618202E+1 2185.31406 6.063695E+1
 2185.44931 6.681350E+1 2185.54883 7.102004E+1 2185.64447 7.469572E+1
 2185.74881 7.820518E+1 2185.82610 8.041804E+1 2185.90726 8.235076E+1
 2186.00309 8.408080E+1 2186.07923 8.500941E+1 2186.14686 8.549512E+1
 2186.22028 8.565934E+1 2186.32462 8.525060E+1 2186.41351 8.432805E+1
 2186.50239 8.290869E+1 2186.59900 8.084899E+1 2186.69561 7.831133E+1
 2186.81155 7.473455E+1 2186.92748 7.070321E+1 2187.07241 6.523034E+1
 2187.41055 5.191670E+1 2187.55547 4.647398E+1 2187.65208 4.304646E+1
 2187.75835 3.950182E+1 2187.84531 3.679417E+1 2187.93225 3.426942E+1
 2188.01921 3.192962E+1 2188.10616 2.977482E+1 2188.16412 2.843915E+1
 2188.26074 2.638574E+1 2188.35735 2.453889E+1 2188.45396 2.288467E+1
 2188.55057 2.140790E+1 2188.64719 2.009258E+1 2188.74380 1.892304E+1
 2188.84041 1.788363E+1 2188.93702 1.695963E+1 2189.03364 1.613726E+1
 2189.13025 1.540417E+1 2189.22686 1.474900E+1 2189.32347 1.416171E+1
 2189.46840 1.338899E+1 2189.61331 1.272432E+1 2189.77755 1.207614E+1
 2189.91281 1.161054E+1 2190.11570 1.100449E+1 2190.31858 1.048682E+1
 2190.52147 1.003867E+1 2190.72436 9.646284E+0 2190.99004 9.200011E+0
 2191.28713 8.773040E+0 2191.58421 8.406113E+0 2191.88130 8.087117E+0
 2192.17838 7.807109E+0 2192.49720 7.542238E+0 2192.85950 7.278070E+0
 2193.34256 6.975000E+0 2193.82562 6.716660E+0 2194.30868 6.493814E+0
 2195.03328 6.211594E+0 2195.75787 5.977639E+0 2196.24093 5.842711E+0
 2197.15875 5.622694E+0 2198.07657 5.440003E+0 2198.99439 5.285897E+0
 2200.39527 5.092298E+0 2201.84445 4.931276E+0 2203.29364 4.799454E+0
 2204.93605 4.676275E+0 2207.25475 4.537053E+0 2210.15313 4.402710E+0
 2213.63118 4.280545E+0 2217.10923 4.186943E+0 2222.32630 4.081454E+0
 2227.54338 4.003395E+0 2233.14690 3.939324E+0 2240.87590 3.872969E+0
 2253.00681 3.800300E+0 2269.80833 3.734866E+0 2293.33046 3.677998E+0
 2326.93350 3.629818E+0 2380.69835 3.587166E+0 2474.78685 3.550161E+0
 2658.48344 3.518735E+0 3103.17873 3.489675E+0 4757.30500 3.428824E+0
 5276.17321 3.390323E+0 5574.16026 3.347696E+0 5754.22980 3.302074E+0
 5877.91079 3.250416E+0 5966.38786 3.192301E+0 6028.38412 3.131220E+0
 6071.99958 3.070464E+0 6109.38426 2.998884E+0 6135.86508 2.931078E+0
 6156.11511 2.864804E+0 6174.80745 2.787758E+0 6187.26901 2.724668E+0
 6199.73057 2.648945E+0 6212.19213 2.556383E+0 6221.53830 2.472246E+0
 6230.88447 2.371411E+0 6237.11525 2.292297E+0 6243.34603 2.201055E+0
 6249.57681 2.094841E+0 6254.24990 2.003062E+0 6258.92298 1.898571E+0
 6263.49871 1.781346E+0 6266.41939 1.697352E+0 6269.34007 1.605038E+0
 6272.26075 1.503292E+0 6274.69465 1.410354E+0 6276.64177 1.329948E+0
 6278.58889 1.243677E+0 6280.53601 1.151070E+0 6282.38577 1.056790E+0
 6284.13818 9.614754E-1 6285.89059 8.601104E-1 6287.64299 7.526706E-1
 6289.24936 6.491044E-1 6290.95309 5.347232E-1 6294.16584 3.134543E-1
 6295.04205 2.547190E-1 6295.62618 2.169062E-1 6296.11295 1.865951E-1
 6296.54132 1.610938E-1 6296.89180 1.412356E-1 6297.18387 1.255057E-1
 6297.41753 1.135342E-1 6297.68039 1.007995E-1 6297.85563 9.278544E-2
 6298.07955 8.315524E-2 6298.28399 7.501495E-2 6298.42029 6.996267E-2
 6298.54685 6.555831E-2 6298.66368 6.175129E-2 6298.78051 5.820559E-2
 6298.89733 5.493467E-2 6299.03363 5.148372E-2 6299.15046 4.885557E-2
 6299.26728 4.654819E-2 6299.36951 4.480455E-2 6299.47173 4.333002E-2
 6299.53988 4.250212E-2 6299.63724 4.154290E-2 6299.73459 4.085648E-2
 6299.81248 4.051122E-2 6299.91592 4.034403E-2 6299.99259 4.044241E-2
 6300.08508 4.082267E-2 6300.16783 4.141397E-2 6300.24085 4.213960E-2
 6300.31387 4.306254E-2 6300.37958 4.406679E-2 6300.47450 4.581763E-2
 6300.54752 4.741393E-2 6300.62054 4.923455E-2 6300.69355 5.128615E-2
 6300.76657 5.357651E-2 6300.85420 5.665047E-2 6300.95155 6.049690E-2
 6301.01970 6.346967E-2 6301.09758 6.715910E-2 6301.17546 7.117026E-2
 6301.27282 7.665374E-2 6301.37017 8.267828E-2 6301.45780 8.858342E-2
 6301.54541 9.496196E-2 6301.63790 1.022310E-1 6301.74012 1.109306E-1
 6301.84235 1.203608E-1 6301.92023 1.280550E-1 6302.00785 1.372597E-1
 6302.09547 1.470666E-1 6302.18309 1.574993E-1 6302.27558 1.692178E-1
 6302.37294 1.823695E-1 6302.47030 1.963943E-1 6302.56766 2.113309E-1
 6302.67475 2.288617E-1 6302.79158 2.493679E-1 6302.90841 2.713909E-1
 6303.02523 2.950113E-1 6303.15179 3.225077E-1 6303.28809 3.544710E-1
 6303.42439 3.890274E-1 6303.56069 4.263475E-1 6303.69698 4.666116E-1
 6303.83328 5.100229E-1 6303.96958 5.567913E-1 6304.10588 6.071459E-1
 6304.25192 6.653599E-1 6304.36875 7.153196E-1 6304.48557 7.684836E-1
 6304.64134 8.447032E-1 6304.79710 9.274694E-1 6304.92853 1.002807E+0
 6305.05996 1.083558E+0 6305.19139 1.170114E+0 6305.32282 1.262896E+0
 6305.45425 1.362365E+0 6305.59542 1.477227E+0 6305.74146 1.605500E+0
 6305.88749 1.744190E+0 6306.03353 1.894226E+0 6306.17956 2.056596E+0
 6306.32559 2.232421E+0 6306.47163 2.422953E+0 6306.61767 2.629552E+0
 6306.76370 2.853728E+0 6306.90973 3.097197E+0 6307.05576 3.361855E+0
 6307.20180 3.649846E+0 6307.34783 3.963502E+0 6307.49386 4.305500E+0
 6307.63989 4.678820E+0 6307.78593 5.086835E+0 6307.93196 5.533243E+0
 6308.07800 6.022318E+0 6308.22403 6.558721E+0 6308.37007 7.147831E+0
 6308.51610 7.795511E+0 6308.66213 8.508448E+0 6308.80817 9.294127E+0
 6308.95421 1.016077E+1 6309.05156 1.078795E+1 6309.14892 1.145820E+1
 6309.24627 1.217455E+1 6309.34363 1.294051E+1 6309.44098 1.375952E+1
 6309.53834 1.463553E+1 6309.63570 1.557248E+1 6309.73306 1.657461E+1
 6309.83041 1.764627E+1 6309.92777 1.879232E+1 6310.02512 2.001740E+1
 6310.12248 2.132680E+1 6310.25877 2.331117E+1 6310.39020 2.540459E+1
 6310.52163 2.768832E+1 6310.65306 3.017613E+1 6310.78449 3.288181E+1
 6310.91592 3.581883E+1 6311.04735 3.900016E+1 6311.17878 4.243789E+1
 6311.31021 4.614287E+1 6311.44164 5.012436E+1 6311.57307 5.438957E+1
 6311.72884 5.981843E+1 6311.88461 6.565489E+1 6312.04038 7.189470E+1
 6312.19615 7.852582E+1 6312.35192 8.552755E+1 6312.58558 9.665682E+1
 6312.81923 1.084059E+2 6313.58056 1.483001E+2 6313.79669 1.591182E+2
 6314.04981 1.708792E+2 6314.26789 1.799209E+2 6314.45481 1.866659E+2
 6314.61058 1.914716E+2 6314.75934 1.953016E+2 6314.97196 1.993940E+2
 6315.16356 2.016201E+2 6315.32128 2.023878E+2 6315.37385 2.024297E+2
 6315.52962 2.019323E+2 6315.74770 1.997174E+2 6315.93462 1.964882E+2
 6316.12155 1.921367E+2 6316.35520 1.853103E+2 6316.61222 1.763336E+2
 6316.86923 1.662089E+2 6317.25866 1.495777E+2 6317.84280 1.241846E+2
 6318.13487 1.121849E+2 6318.42693 1.010197E+2 6318.68979 9.181057E+1
 6318.86503 8.614191E+1 6319.04027 8.085485E+1 6319.21551 7.594510E+1
 6319.39075 7.140233E+1 6319.56599 6.721166E+1 6319.74123 6.335487E+1
 6319.92621 5.962340E+1 6320.12093 5.604484E+1 6320.31564 5.279504E+1
 6320.51035 4.984396E+1 6320.70506 4.716290E+1 6320.89978 4.472475E+1
 6321.09449 4.250470E+1 6321.28920 4.047972E+1 6321.48391 3.862909E+1
 6321.77598 3.613981E+1 6322.06805 3.394691E+1 6322.36012 3.200488E+1
 6322.65219 3.027597E+1 6322.94425 2.872899E+1 6323.22172 2.740416E+1
 6323.49919 2.620160E+1 6323.86914 2.476198E+1 6324.23909 2.348210E+1
 6324.60904 2.233761E+1 6324.97900 2.130872E+1 6325.34895 2.037934E+1
 6325.90387 1.914326E+1 6326.48801 1.801264E+1 6327.07215 1.702542E+1
 6327.65629 1.615671E+1 6328.24042 1.538699E+1 6328.82455 1.470072E+1
 6329.44763 1.404664E+1 6329.87599 1.363736E+1 6330.73272 1.290296E+1
 6331.58945 1.226326E+1 6332.44618 1.170138E+1 6333.55605 1.106803E+1
 6334.66591 1.052158E+1 6335.77577 1.004582E+1 6336.88562 9.628275E+0
 6337.99548 9.259005E+0 6339.33899 8.865456E+0 6340.79933 8.492488E+0
 6342.25967 8.166434E+0 6344.20679 7.790822E+0 6346.15390 7.469589E+0
 6348.10102 7.191876E+0 6350.04814 6.949509E+0 6352.96882 6.638923E+0
 6355.50008 6.410776E+0 6358.61547 6.171061E+0 6361.73086 5.966708E+0
 6364.84625 5.790648E+0 6369.51933 5.568167E+0 6374.19242 5.384189E+0
 6378.86550 5.229565E+0 6385.09628 5.058137E+0 6391.32706 4.916858E+0
 6398.33669 4.785042E+0 6408.46170 4.631812E+0 6417.80787 4.518586E+0
 6430.26943 4.397670E+0 6442.73099 4.301446E+0 6461.42333 4.189033E+0
 6480.11567 4.102963E+0 6508.15418 4.005833E+0 6539.30808 3.926873E+0
 6581.73696 3.849186E+0 6637.12221 3.778266E+0 6716.24399 3.709648E+0
 6834.92666 3.641796E+0 7076.77233 3.534155E+0 7138.73483 3.486839E+0
 7169.71609 3.445397E+0 7188.30484 3.405771E+0 7204.69900 3.350740E+0
 7214.45800 3.300372E+0 7221.77725 3.246550E+0 7228.28325 3.178724E+0
 7232.34950 3.120753E+0 7235.80582 3.056740E+0 7238.39806 2.995835E+0
 7241.29526 2.908563E+0 7243.32838 2.829915E+0 7244.85323 2.757647E+0
 7246.37807 2.669910E+0 7247.75043 2.573149E+0 7248.81782 2.482284E+0
 7249.88521 2.373256E+0 7250.74929 2.267648E+0 7251.51171 2.157903E+0
 7252.01999 2.074259E+0 7252.52827 1.981061E+0 7253.03655 1.878069E+0
 7254.05311 1.657040E+0 7254.39366 1.592711E+0 7254.56648 1.566912E+0
 7254.73930 1.548353E+0 7254.91212 1.539623E+0 7254.95532 1.539332E+0
 7255.08493 1.543867E+0 7255.21455 1.557806E+0 7255.34415 1.582974E+0
 7255.43056 1.606995E+0 7255.51697 1.637572E+0 7255.60338 1.675406E+0
 7255.68978 1.721234E+0 7255.79144 1.786461E+0 7255.89310 1.865183E+0
 7255.96935 1.933927E+0 7256.04559 2.011652E+0 7256.12183 2.098991E+0
 7256.19807 2.196582E+0 7256.27431 2.305068E+0 7256.35055 2.425097E+0
 7256.42680 2.557331E+0 7256.50303 2.702355E+0 7256.57419 2.849859E+0
 7256.64535 3.009579E+0 7256.71651 3.181995E+0 7256.78767 3.367560E+0
 7256.89441 3.671494E+0 7257.00115 4.007276E+0 7257.07230 4.249343E+0
 7257.15363 4.544325E+0 7257.23495 4.859067E+0 7257.31628 5.193863E+0
 7257.42810 5.687021E+0 7257.55009 6.268262E+0 7257.68225 6.947972E+0
 7257.80423 7.619857E+0 7257.94655 8.454626E+0 7258.11936 9.534732E+0
 7258.32268 1.088325E+1 7258.61240 1.290131E+1 7259.02411 1.579662E+1
 7259.26808 1.741672E+1 7259.45106 1.853528E+1 7259.63201 1.953112E+1
 7259.81295 2.039414E+1 7259.98699 2.108083E+1 7260.16265 2.161746E+1
 7260.27651 2.187674E+1 7260.44729 2.213136E+1 7260.59978 2.222180E+1
 7260.65060 2.222352E+1 7260.80309 2.214540E+1 7260.94541 2.196381E+1
 7261.12839 2.158668E+1 7261.32154 2.103107E+1 7261.52485 2.029747E+1
 7261.72816 1.944192E+1 7262.03313 1.800098E+1 7262.67356 1.477963E+1
 7262.96837 1.337625E+1 7263.17168 1.247722E+1 7263.37499 1.164569E+1
 7263.57830 1.088695E+1 7263.78162 1.020280E+1 7263.98493 9.592228E+0
 7264.18824 9.051957E+0 7264.39155 8.577184E+0 7264.57962 8.191320E+0
 7264.76768 7.851650E+0 7264.95575 7.553120E+0 7265.14381 7.290874E+0
 7265.33188 7.060273E+0 7265.61398 6.764579E+0 7265.89607 6.518191E+0
 7266.15021 6.329872E+0 7266.53142 6.093781E+0 7266.91263 5.899910E+0
 7267.42091 5.688684E+0 7267.92919 5.516266E+0 7268.43748 5.371957E+0
 7269.19990 5.193754E+0 7269.96232 5.049027E+0 7270.72474 4.928780E+0
 7271.86837 4.781887E+0 7273.01200 4.664180E+0 7274.53685 4.539132E+0
 7276.06169 4.439984E+0 7278.09482 4.335748E+0 7280.12794 4.253928E+0
 7282.97432 4.165013E+0 7286.63394 4.079724E+0 7290.49688 4.012605E+0
 7296.59625 3.936149E+0 7304.22048 3.870685E+0 7313.47119 3.816438E+0
 7326.21372 3.766375E+0 7346.93595 3.715750E+0 7376.31402 3.673699E+0
 7432.13233 3.630690E+0 7534.95552 3.591714E+0 7755.74322 3.550931E+0
 8566.03964 3.456514E+0 8802.37609 3.409149E+0 8948.67961 3.358387E+0
 9038.71254 3.307643E+0 9106.23724 3.249276E+0 9149.34575 3.195219E+0
 9185.95159 3.131613E+0 9215.54779 3.060857E+0 9236.57667 2.994081E+0
 9252.15362 2.931484E+0 9267.73057 2.852965E+0 9279.41329 2.779583E+0
 9291.09600 2.688903E+0 9298.88447 2.615645E+0 9305.89410 2.538196E+0
 9312.90373 2.446702E+0 9318.16096 2.366494E+0 9323.41817 2.273815E+0
 9328.67539 2.165576E+0 9332.18021 2.082778E+0 9335.68502 1.989667E+0
 9339.18984 1.884313E+0 9341.91580 1.792421E+0 9344.83648 1.682453E+0
 9346.78360 1.601538E+0 9348.73071 1.513750E+0 9350.67783 1.418306E+0
 9352.62495 1.314349E+0 9354.57207 1.200975E+0 9356.03241 1.109226E+0
 9357.18121 1.032755E+0 9358.50525 9.397578E-1 9359.82929 8.414950E-1
 9361.15333 7.381039E-1 9362.59420 6.203536E-1 9364.54132 4.554150E-1
 9365.86536 3.434126E-1 9366.56632 2.861753E-1 9367.11151 2.436526E-1
 9367.50094 2.148248E-1 9367.81248 1.929631E-1 9368.04613 1.774085E-1
 9368.33821 1.591549E-1 9368.53292 1.478273E-1 9368.72763 1.372619E-1
 9368.90287 1.284751E-1 9369.05864 1.212957E-1 9369.21441 1.147643E-1
 9369.37017 1.089375E-1 9369.49673 1.047634E-1 9369.64277 1.006201E-1
 9369.78881 9.725352E-2 9369.91537 9.501232E-2 9370.03220 9.354032E-2
 9370.14902 9.267890E-2 9370.26585 9.246680E-2 9370.38267 9.294545E-2
 9370.48003 9.390383E-2 9370.57739 9.539964E-2 9370.69422 9.794431E-2
 9370.79157 1.007250E-1 9370.87919 1.037693E-1 9370.96681 1.073523E-1
 9371.05444 1.115006E-1 9371.13232 1.156835E-1 9371.22968 1.216013E-1
 9371.32703 1.283225E-1 9371.42439 1.358922E-1 9371.53148 1.452534E-1
 9371.61910 1.537634E-1 9371.70672 1.630802E-1 9371.78461 1.720723E-1
 9371.86249 1.817623E-1 9371.95985 1.949070E-1 9372.05720 2.092562E-1
 9372.15456 2.248817E-1 9372.25191 2.418532E-1 9372.33954 2.583469E-1
 9372.42715 2.760517E-1 9372.51964 2.961314E-1 9372.62186 3.200772E-1
 9372.72409 3.459787E-1 9372.84578 3.795282E-1 9372.93340 4.056321E-1
 9373.02102 4.334673E-1 9373.10864 4.631295E-1 9373.20600 4.983557E-1
 9373.30335 5.361083E-1 9373.40071 5.765546E-1 9373.49806 6.198575E-1
 9373.61489 6.758616E-1 9373.73172 7.365944E-1 9373.84855 8.024303E-1
 9373.96537 8.737711E-1 9374.08220 9.510745E-1 9374.19903 1.034821E+0
 9374.31586 1.125540E+0 9374.43268 1.223805E+0 9374.53491 1.316491E+0
 9374.63713 1.415895E+0 9374.73936 1.522537E+0 9374.84158 1.636933E+0
 9374.94381 1.759687E+0 9375.05577 1.904448E+0 9375.17260 2.067953E+0
 9375.28942 2.245246E+0 9375.40625 2.437564E+0 9375.52307 2.646186E+0
 9375.63990 2.872574E+0 9375.75672 3.118239E+0 9375.87355 3.384903E+0
 9375.99038 3.674366E+0 9376.10721 3.988592E+0 9376.22403 4.329670E+0
 9376.34086 4.699938E+0 9376.45769 5.101812E+0 9376.57452 5.537909E+0
 9376.69134 6.010978E+0 9376.80817 6.524067E+0 9376.92500 7.080280E+0
 9377.04183 7.682937E+0 9377.15865 8.335466E+0 9377.27548 9.041627E+0
 9377.39231 9.805167E+0 9377.50914 1.063002E+1 9377.62596 1.152016E+1
 9377.74279 1.247988E+1 9377.85962 1.351331E+1 9377.97645 1.462470E+1
 9378.09327 1.581817E+1 9378.21010 1.709812E+1 9378.32693 1.846853E+1
 9378.44376 1.993333E+1 9378.56058 2.149612E+1 9378.67740 2.316047E+1
 9378.83317 2.554304E+1 9378.98894 2.811787E+1 9379.10577 3.017803E+1
 9379.26154 3.309919E+1 9379.41731 3.622039E+1 9379.57308 3.954015E+1
 9379.72885 4.305418E+1 9379.88462 4.675520E+1 9380.09880 5.212925E+1
 9380.37140 5.938904E+1 9380.71214 6.896465E+1 9381.43842 8.989049E+1
 9381.70712 9.724173E+1 9381.98750 1.043434E+2 9382.21337 1.094879E+2
 9382.47038 1.145641E+2 9382.70404 1.183468E+2 9382.88162 1.206360E+2
 9383.08412 1.225897E+2 9383.20250 1.233968E+2 9383.43615 1.242520E+2
 9383.51404 1.243192E+2 9383.74769 1.238762E+2 9383.95799 1.226768E+2
 9384.16827 1.207646E+2 9384.39803 1.179298E+2 9384.66673 1.137495E+2
 9384.93544 1.087986E+2 9385.21972 1.029244E+2 9385.60914 9.420537E+1
 9386.27116 7.893345E+1 9386.62165 7.119829E+1 9386.93319 6.475149E+1
 9387.22526 5.915771E+1 9387.51732 5.404102E+1 9387.71203 5.090230E+1
 9387.90674 4.798044E+1 9388.10145 4.527057E+1 9388.29616 4.276515E+1
 9388.49088 4.045451E+1 9388.68559 3.832793E+1 9388.88030 3.637348E+1
 9389.07501 3.457887E+1 9389.26973 3.293171E+1 9389.56180 3.071132E+1
 9389.85386 2.875696E+1 9390.08752 2.736085E+1 9390.32117 2.609567E+1
 9390.55483 2.494646E+1 9390.90531 2.341158E+1 9391.25579 2.206968E+1
 9391.60627 2.088901E+1 9391.91781 1.995378E+1 9392.30723 1.891236E+1
 9392.69666 1.799062E+1 9393.08608 1.716947E+1 9393.47551 1.643351E+1
 9393.86493 1.577033E+1 9394.44906 1.489028E+1 9395.03320 1.412441E+1
 9395.61733 1.345215E+1 9396.20147 1.285754E+1 9396.78561 1.232806E+1
 9397.56445 1.170645E+1 9398.22647 1.124135E+1 9399.04426 1.073321E+1
 9399.86206 1.028623E+1 9400.67985 9.890118E+0 9401.77023 9.427292E+0
 9402.71458 9.076400E+0 9403.91206 8.686053E+0 9405.10954 8.346024E+0
 9406.30702 8.047266E+0 9407.90366 7.701181E+0 9409.67553 7.373353E+0
 9411.62265 7.067007E+0 9413.56977 6.805314E+0 9415.51689 6.579264E+0
 9418.43757 6.292690E+0 9421.35825 6.054958E+0 9424.27892 5.854763E+0
 9427.97845 5.642454E+0 9431.67797 5.465321E+0 9435.37750 5.315484E+0
 9440.82943 5.132551E+0 9446.08665 4.988425E+0 9453.09628 4.832263E+0
 9460.10591 4.706335E+0 9467.11553 4.602748E+0 9478.79825 4.465483E+0
 9490.48096 4.359394E+0 9506.05791 4.250577E+0 9521.63486 4.167107E+0
 9543.44259 4.078365E+0 9571.48110 3.995152E+0 9607.30808 3.919721E+0
 9658.69572 3.846197E+0 9724.08631 3.784939E+0 9822.17219 3.727231E+0
 9963.85178 3.677975E+0 10192.7189 3.634048E+0 10312.6016 3.619335E+0
 10323.5000 3.618245E+0 10323.5000 8.533159E+0 10614.7930 8.477953E+0
 10914.3053 8.421189E+0 11213.1425 8.364554E+0 11529.5381 8.312510E+0
 11854.8613 8.258998E+0 12189.3640 8.203976E+0 12533.3052 8.147402E+0
 12886.9512 8.089231E+0 12958.4484 8.077471E+0 13324.0905 8.026054E+0
 13700.0497 7.973187E+0 14086.6171 7.918828E+0 14443.4936 7.868644E+0
 14851.0384 7.820243E+0 15270.0828 7.770476E+0 15700.9511 7.719305E+0
 16143.9769 7.666690E+0 16599.5035 7.612591E+0 16996.1723 7.565482E+0
 17475.7448 7.518946E+0 17968.8491 7.471096E+0 18475.8672 7.421897E+0
 18997.1915 7.371309E+0 19533.2257 7.319294E+0 20000.0000 7.274000E+0
 20564.3300 7.235360E+0 21144.5834 7.195629E+0 21741.2096 7.154777E+0
 22133.6384 7.127907E+0 22758.1722 7.091196E+0 23400.3282 7.053449E+0
 24060.6035 7.014637E+0 24739.5096 6.974730E+0 25437.5719 6.933697E+0
 25768.3750 6.914252E+0 26495.4684 6.878641E+0 27243.0777 6.842025E+0
 28011.7820 6.804377E+0 28802.1765 6.765666E+0 29614.8731 6.725862E+0
 30000.0000 6.707000E+0 30846.4950 6.679514E+0 31716.8751 6.651253E+0
 32611.8143 6.622195E+0 33532.0056 6.592316E+0 34478.1614 6.561595E+0
 34641.0162 6.556307E+0 35618.4644 6.529439E+0 36623.4928 6.501813E+0
 37656.8796 6.473407E+0 38719.4250 6.444200E+0 39811.9516 6.414169E+0
 40000.0000 6.409000E+0 41128.6600 6.388120E+0 42289.1668 6.366650E+0
 43482.4191 6.344575E+0 44709.3408 6.321877E+0 45970.8819 6.298539E+0
 47268.0193 6.274542E+0 48601.7574 6.249867E+0 49973.1288 6.224497E+0
 50000.0000 6.224000E+0 51410.8250 6.205941E+0 52861.4585 6.187373E+0
 54353.0239 6.168281E+0 55886.6760 6.148651E+0 57463.6024 6.128466E+0
 59085.0241 6.107712E+0 60000.0000 6.096000E+0 61692.9900 6.080086E+0
 63433.7503 6.063723E+0 65223.6287 6.046898E+0 67064.0112 6.029598E+0
 68956.3229 6.011811E+0 70000.0000 6.002000E+0 71975.1550 5.988174E+0
 74006.0420 5.973958E+0 76094.2334 5.959340E+0 78241.3464 5.944311E+0
 80000.0000 5.932000E+0 82257.3200 5.920036E+0 84578.3337 5.907735E+0
 86964.8382 5.895086E+0 89418.6816 5.882081E+0 90000.0000 5.879000E+0
 92539.4850 5.868588E+0 95150.6254 5.857882E+0 97835.4430 5.846875E+0
 100000.000 5.838000E+0 102821.650 5.829958E+0 105722.917 5.821690E+0
 108706.048 5.813188E+0 111773.352 5.804446E+0 114927.205 5.795457E+0
 118170.048 5.786215E+0 120000.000 5.781000E+0 123385.980 5.775244E+0
 126867.501 5.769325E+0 130447.257 5.763240E+0 134128.022 5.756982E+0
 137912.646 5.750548E+0 140000.000 5.747000E+0 143950.310 5.743445E+0
 148012.084 5.739789E+0 152188.467 5.736030E+0 156482.693 5.732166E+0
 160000.000 5.729000E+0 164514.640 5.727420E+0 169156.667 5.725795E+0
 173929.676 5.724125E+0 178837.363 5.722407E+0 180000.000 5.722000E+0
 185078.970 5.722508E+0 190301.251 5.723030E+0 195670.886 5.723567E+0
 200000.000 5.724000E+0 250000.000 5.753000E+0 250000.000 5.752959E+0
 350000.000 5.866001E+0 677769.843 6.322545E+0 845783.337 6.508783E+0
 850000.000 6.512957E+0 900000.000 6.264024E+0 950000.000 6.179005E+0
 1014108.25 6.118830E+0 1322876.40 5.908300E+0 1419751.55 5.832841E+0
 1600000.00 5.657990E+0 1720998.76 5.418126E+0 1924135.12 5.056567E+0
 2127211.41 4.724845E+0 2362661.64 4.360305E+0 2400000.00 4.304983E+0
 2497999.20 4.024891E+0 2600000.00 3.763016E+0 2736213.65 3.585750E+0
 2939164.94 3.342474E+0 3122499.00 3.142875E+0 3250000.00 3.017002E+0
 3420267.06 2.870175E+0 3549378.88 2.768016E+0 3750000.00 2.624002E+0
 4000000.00 2.478002E+0 4250000.00 2.358002E+0 4500000.00 2.264001E+0
 4750000.00 2.190001E+0 5000000.00 2.134001E+0 5500000.00 2.063002E+0
 6000000.00 2.036001E+0 6500000.00 2.043001E+0 7000000.00 2.074001E+0
 7500000.00 2.125001E+0 8112866.00 2.205253E+0 10000000.0 2.485999E+0
 11000000.0 2.610999E+0 12000000.0 2.701999E+0 13000000.0 2.755999E+0
 14000000.0 2.773999E+0 15000000.0 2.761999E+0 16000000.0 2.723999E+0
 17000000.0 2.665000E+0 18253948.5 2.569160E+0 19536113.5 2.454605E+0
 20000000.0 2.411003E+0                                            
