 1.000000E-5 2.654626E+1 1.102400E-5 2.532696E+1 1.215040E-5 2.417011E+1
 1.339460E-5 2.306825E+1 1.485890E-5 2.195571E+1 1.637720E-5 2.096607E+1
 1.805420E-5 2.002409E+1 1.989900E-5 1.913137E+1 2.193660E-5 1.828214E+1
 2.417820E-5 1.747778E+1 2.665390E-5 1.671317E+1 2.937750E-5 1.598947E+1
 3.238570E-5 1.530208E+1 3.569500E-5 1.465208E+1 3.935000E-5 1.403530E+1
 4.337100E-5 1.345266E+1 4.781200E-5 1.290044E+1 5.269760E-5 1.237946E+1
 5.809370E-5 1.188636E+1 6.403000E-5 1.142184E+1 7.156840E-5 1.092276E+1
 7.999440E-5 1.045656E+1 8.941250E-5 1.002164E+1 9.993930E-5 9.616484E+0
 1.117050E-4 9.239634E+0 1.248570E-4 8.889695E+0 1.395570E-4 8.565324E+0
 1.559870E-4 8.265229E+0 1.743520E-4 7.988155E+0 1.976290E-4 7.702236E+0
 2.239690E-4 7.442649E+0 2.538700E-4 7.206933E+0 2.877070E-4 6.994205E+0
 3.306530E-4 6.782278E+0 3.800100E-4 6.594220E+0 4.367350E-4 6.427951E+0
 5.090090E-4 6.267714E+0 6.014960E-4 6.117262E+0 7.107890E-4 5.989000E+0
 8.516240E-4 5.871723E+0 1.049360E-3 5.759891E+0 1.310995E-3 5.663650E+0
 1.684077E-3 5.578103E+0 2.224374E-3 5.505080E+0 3.106151E-3 5.440465E+0
 4.585709E-3 5.387874E+0 7.461814E-3 5.345317E+0 1.435072E-2 5.312739E+0
 2.499386E-2 5.297706E+0 2.530000E-2 5.297460E+0 0.10605175 5.282146E+0
 92.1185452 5.198396E+0 268.720522 5.084954E+0 498.852400 4.983430E+0
 804.351837 4.893516E+0 1228.34504 4.813420E+0 1837.33750 4.743437E+0
 2030.03000 4.731444E+0 2092.93130 4.742275E+0 2113.03600 4.766281E+0
 2123.00750 4.800365E+0 2129.74500 4.851627E+0 2133.78750 4.910407E+0
 2136.34775 4.970656E+0 2138.77325 5.058517E+0 2140.65975 5.163118E+0
 2142.00725 5.270821E+0 2143.01788 5.379739E+0 2144.02850 5.524655E+0
 2144.70225 5.649716E+0 2145.37600 5.806637E+0 2145.88132 5.952227E+0
 2146.38663 6.129565E+0 2146.89194 6.348865E+0 2147.27093 6.549547E+0
 2147.56569 6.733109E+0 2147.90257 6.979933E+0 2148.23944 7.276780E+0
 2148.49210 7.541169E+0 2148.74475 7.850813E+0 2148.99741 8.217463E+0
 2149.16585 8.501332E+0 2149.33429 8.824040E+0 2149.50272 9.193910E+0
 2149.67116 9.622070E+0 2149.79749 9.990290E+0 2149.92382 1.040804E+1
 2150.05015 1.088616E+1 2150.15458 1.133691E+1 2150.24806 1.179180E+1
 2150.34154 1.230460E+1 2150.43503 1.288643E+1 2150.52851 1.355068E+1
 2150.62200 1.431396E+1 2150.71548 1.519611E+1 2150.77780 1.586199E+1
 2150.84012 1.659966E+1 2150.90244 1.741843E+1 2150.96476 1.832876E+1
 2151.02708 1.934230E+1 2151.08940 2.047197E+1 2151.15678 2.184055E+1
 2151.20731 2.297881E+1 2151.25784 2.422306E+1 2151.30838 2.558330E+1
 2151.35890 2.706902E+1 2151.40944 2.869236E+1 2151.45997 3.046389E+1
 2151.51050 3.239598E+1 2151.56103 3.450117E+1 2151.61156 3.679241E+1
 2151.66209 3.928298E+1 2151.71263 4.198698E+1 2151.76315 4.491637E+1
 2151.81369 4.808710E+1 2151.86422 5.151082E+1 2151.91475 5.520124E+1
 2151.96528 5.917094E+1 2152.01581 6.343176E+1 2152.06634 6.799459E+1
 2152.13372 7.456533E+1 2152.19435 8.096708E+1 2152.24825 8.705584E+1
 2152.30215 9.352318E+1 2152.38300 1.039353E+2 2152.46385 1.151894E+2
 2152.54470 1.272543E+2 2152.63229 1.411782E+2 2152.73335 1.582184E+2
 2152.86810 1.822098E+2 2153.15782 2.355753E+2 2153.29930 2.604081E+2
 2153.42058 2.798370E+2 2153.52838 2.950248E+2 2153.62607 3.066671E+2
 2153.71703 3.154007E+2 2153.79990 3.214019E+2 2153.86256 3.246208E+2
 2153.95149 3.271575E+2 2154.00000 3.275162E+2 2154.07007 3.267491E+2
 2154.16170 3.234771E+2 2154.24255 3.185182E+2 2154.33014 3.110728E+2
 2154.42447 3.008367E+2 2154.52553 2.876162E+2 2154.61312 2.745598E+2
 2154.74787 2.522335E+2 2154.91967 2.212992E+2 2155.16559 1.760363E+2
 2155.26665 1.581648E+2 2155.36772 1.411376E+2 2155.45530 1.272279E+2
 2155.53615 1.151742E+2 2155.61700 1.039307E+2 2155.69785 9.352819E+1
 2155.75175 8.706670E+1 2155.80565 8.098331E+1 2155.86629 7.458596E+1
 2155.93367 6.802055E+1 2155.98420 6.346119E+1 2156.03473 5.920338E+1
 2156.08526 5.523626E+1 2156.13579 5.154800E+1 2156.18633 4.812540E+1
 2156.23685 4.495733E+1 2156.28739 4.202784E+1 2156.33792 3.932515E+1
 2156.38845 3.683504E+1 2156.43898 3.454402E+1 2156.48951 3.243882E+1
 2156.54004 3.050653E+1 2156.59058 2.873428E+1 2156.64110 2.711108E+1
 2156.69164 2.562413E+1 2156.74217 2.426345E+1 2156.79270 2.301839E+1
 2156.84323 2.187927E+1 2156.91060 2.050967E+1 2156.97293 1.937866E+1
 2157.03525 1.836395E+1 2157.09757 1.745247E+1 2157.15989 1.663255E+1
 2157.22222 1.589367E+1 2157.28454 1.522672E+1 2157.37802 1.434308E+1
 2157.47151 1.357840E+1 2157.56499 1.291288E+1 2157.65847 1.232994E+1
 2157.75195 1.181607E+1 2157.84543 1.136021E+1 2157.94986 1.090848E+1
 2158.07619 1.042930E+1 2158.20252 1.001062E+1 2158.32885 9.641561E+0
 2158.49729 9.212408E+0 2158.66572 8.841661E+0 2158.83416 8.518167E+0
 2159.00260 8.233586E+0 2159.25525 7.865994E+0 2159.50791 7.555487E+0
 2159.76057 7.290336E+0 2160.09744 6.992583E+0 2160.43432 6.744955E+0
 2160.85541 6.489593E+0 2161.10807 6.359339E+0 2161.61338 6.139171E+0
 2162.11869 5.961069E+0 2162.62400 5.814804E+0 2163.29775 5.657087E+0
 2163.97150 5.531327E+0 2164.98213 5.385504E+0 2165.99275 5.275814E+0
 2167.34025 5.167230E+0 2169.22675 5.061604E+0 2171.65225 4.972663E+0
 2174.21250 4.911467E+0 2178.25500 4.851442E+0 2184.99250 4.798490E+0
 2195.05887 4.762115E+0 2215.98068 4.734105E+0 2289.87102 4.712551E+0
 3095.46008 4.665570E+0 4838.48623 4.613033E+0 8049.12193 4.565960E+0
 14588.5388 4.521756E+0 16168.1563 4.517431E+0 17341.6560 4.528913E+0
 17704.6200 4.555367E+0 17879.8440 4.593292E+0 17979.9720 4.639928E+0
 18051.9390 4.701722E+0 18098.8740 4.768407E+0 18136.4220 4.850103E+0
 18164.5830 4.939418E+0 18183.3570 5.019842E+0 18202.1310 5.124977E+0
 18216.2115 5.226543E+0 18230.2920 5.355073E+0 18241.5564 5.484978E+0
 18252.8208 5.646859E+0 18262.8336 5.826338E+0 18270.3432 5.990814E+0
 18277.8528 6.188035E+0 18285.3624 6.427258E+0 18290.3688 6.616198E+0
 18295.3752 6.834364E+0 18300.3816 7.088082E+0 18305.3880 7.385472E+0
 18309.1428 7.643412E+0 18312.8976 7.937436E+0 18316.4178 8.252068E+0
 18319.9379 8.611712E+0 18323.4580 9.025198E+0 18326.9781 9.503069E+0
 18329.3249 9.864273E+0 18332.4539 1.041009E+1 18334.8006 1.087587E+1
 18337.1474 1.139833E+1 18339.4941 1.198675E+1 18341.8409 1.265254E+1
 18344.1876 1.340951E+1 18346.5344 1.427474E+1 18348.0989 1.492187E+1
 18349.6634 1.563383E+1 18351.2279 1.641927E+1 18352.7924 1.728833E+1
 18354.3569 1.825282E+1 18355.9214 1.932664E+1 18357.2903 2.036869E+1
 18358.4637 2.134811E+1 18359.6371 2.241677E+1 18360.8105 2.358505E+1
 18361.9838 2.486464E+1 18363.1572 2.626919E+1 18364.3306 2.781408E+1
 18365.5040 2.951719E+1 18366.4818 3.107200E+1 18367.6551 3.312042E+1
 18368.8285 3.539286E+1 18370.0019 3.791802E+1 18371.1753 4.072810E+1
 18372.3486 4.385847E+1 18373.5220 4.734858E+1 18374.6954 5.123964E+1
 18375.8688 5.557423E+1 18377.0421 6.039319E+1 18378.2155 6.573341E+1
 18379.2794 7.104697E+1 18380.2885 7.650737E+1 18381.2976 8.236659E+1
 18382.6431 9.074105E+1 18384.4579 1.027789E+2 18386.8046 1.184839E+2
 18388.0562 1.261677E+2 18388.9949 1.312581E+2 18389.9336 1.355522E+2
 18390.8723 1.388674E+2 18391.8110 1.410528E+2 18392.7497 1.420043E+2
 18392.9750 1.420426E+2 18393.8136 1.415346E+2 18394.5019 1.403647E+2
 18395.4406 1.377348E+2 18396.3793 1.340265E+2 18397.3180 1.294043E+2
 18398.2567 1.240586E+2 18399.5083 1.161497E+2 18402.6373 9.510703E+1
 18403.8889 8.703274E+1 18404.8902 8.092681E+1 18406.0167 7.450304E+1
 18407.1432 6.858400E+1 18408.2696 6.317572E+1 18409.3960 5.826304E+1
 18410.5224 5.381867E+1 18411.6958 4.964980E+1 18412.8692 4.590961E+1
 18414.0426 4.255559E+1 18415.2159 3.954720E+1 18416.3893 3.684607E+1
 18417.3280 3.488334E+1 18418.4232 3.279285E+1 18419.5183 3.089533E+1
 18420.6135 2.916961E+1 18421.7086 2.759734E+1 18422.8038 2.616172E+1
 18423.8989 2.484851E+1 18424.9941 2.364481E+1 18426.3239 2.231476E+1
 18427.8884 2.091269E+1 18429.4529 1.966368E+1 18431.0174 1.854720E+1
 18432.5819 1.754583E+1 18434.1464 1.664478E+1 18435.7109 1.583149E+1
 18437.2754 1.509524E+1 18438.8399 1.442683E+1 18441.1866 1.353448E+1
 18443.5334 1.275501E+1 18445.8801 1.207054E+1 18448.2269 1.146645E+1
 18450.5736 1.093085E+1 18452.7639 1.048406E+1 18456.0494 9.895725E+0
 18459.3348 9.389806E+0 18462.6203 8.950745E+0 18465.9057 8.567221E+0
 18469.3476 8.215705E+0 18473.1024 7.881366E+0 18476.8572 7.589854E+0
 18480.6120 7.334201E+0 18485.6184 7.039560E+0 18490.6248 6.788297E+0
 18495.6312 6.572336E+0 18503.1408 6.301203E+0 18510.6504 6.079728E+0
 18518.1600 5.896522E+0 18525.6696 5.743363E+0 18533.1792 5.614330E+0
 18543.1920 5.470699E+0 18558.2112 5.301829E+0 18574.4820 5.164399E+0
 18593.2560 5.045164E+0 18612.0300 4.955218E+0 18630.8040 4.885710E+0
 18655.8360 4.815178E+0 18693.3840 4.740592E+0 18743.4480 4.676027E+0
 18818.5440 4.618421E+0 18931.1880 4.572890E+0 19143.9600 4.535733E+0
 19632.0840 4.509902E+0 21891.7765 4.489789E+0 32000.4329 4.462517E+0
 34260.0482 4.473778E+0 34857.0800 4.497880E+0 35098.3050 4.530555E+0
 35224.9482 4.570801E+0 35309.3769 4.623938E+0 35354.6066 4.672264E+0
 35399.8363 4.749049E+0 35429.9894 4.829236E+0 35452.6043 4.916184E+0
 35467.3793 4.992246E+0 35481.8528 5.088928E+0 35495.7232 5.210757E+0
 35505.6738 5.322921E+0 35515.6243 5.464572E+0 35524.6703 5.628196E+0
 35530.7009 5.761968E+0 35536.7315 5.921486E+0 35542.7622 6.113907E+0
 35548.7928 6.349052E+0 35553.3158 6.561544E+0 35557.8387 6.813592E+0
 35562.3617 7.115562E+0 35565.5278 7.363876E+0 35568.8446 7.664490E+0
 35572.1614 8.015992E+0 35574.6490 8.320139E+0 35577.1366 8.665951E+0
 35579.3982 9.023082E+0 35581.6597 9.428383E+0 35583.9212 9.890812E+0
 35586.1826 1.042141E+1 35588.4441 1.103400E+1 35589.9518 1.149631E+1
 35591.4594 1.200883E+1 35592.9671 1.257889E+1 35594.4747 1.321496E+1
 35595.9824 1.392719E+1 35597.4900 1.472737E+1 35598.9977 1.562971E+1
 35600.5053 1.665084E+1 35601.6738 1.753664E+1 35602.9176 1.858321E+1
 35604.1614 1.975131E+1 35605.4053 2.105792E+1 35606.6491 2.252180E+1
 35607.8929 2.416404E+1 35609.0237 2.583099E+1 35610.1544 2.768194E+1
 35611.2852 2.973523E+1 35612.4159 3.200745E+1 35613.5466 3.451299E+1
 35614.6020 3.707036E+1 35615.6197 3.973756E+1 35616.6373 4.259525E+1
 35617.9942 4.667172E+1 35620.3762 5.431635E+1 35622.4266 6.087122E+1
 35623.4518 6.389940E+1 35624.6580 6.705743E+1 35625.5626 6.903703E+1
 35626.4672 7.060598E+1 35627.3718 7.170589E+1 35628.2763 7.229349E+1
 35628.8553 7.238858E+1 35629.5428 7.221276E+1 35630.4474 7.151023E+1
 35631.3520 7.029670E+1 35632.2566 6.861619E+1 35633.1612 6.652801E+1
 35634.0657 6.410257E+1 35635.4226 5.999785E+1 35639.6290 4.614807E+1
 35640.9256 4.213765E+1 35642.2222 3.841604E+1 35643.2475 3.570271E+1
 35644.3782 3.295365E+1 35645.5089 3.045634E+1 35646.6397 2.819945E+1
 35647.7704 2.616747E+1 35648.9011 2.434177E+1 35650.0319 2.270302E+1
 35651.1626 2.123261E+1 35652.2934 1.991237E+1 35653.4241 1.872596E+1
 35654.5548 1.765822E+1 35655.6479 1.672607E+1 35656.7221 1.589520E+1
 35657.7963 1.513952E+1 35659.2286 1.423500E+1 35660.6608 1.343322E+1
 35662.0931 1.272004E+1 35663.5254 1.208363E+1 35664.9577 1.151392E+1
 35666.3899 1.100238E+1 35667.8976 1.051864E+1 35669.4052 1.008398E+1
 35671.6667 9.510619E+0 35673.9282 9.016697E+0 35676.1897 8.588570E+0
 35678.4511 8.215347E+0 35680.7127 7.888199E+0 35682.9742 7.600049E+0
 35685.9895 7.266607E+0 35689.0048 6.981287E+0 35691.9447 6.741186E+0
 35696.2415 6.444623E+0 35700.5384 6.199280E+0 35704.8352 5.994334E+0
 35707.6997 5.876018E+0 35713.4288 5.674752E+0 35719.4595 5.503289E+0
 35725.4901 5.363454E+0 35734.5360 5.197788E+0 35744.1850 5.063324E+0
 35750.8187 4.989369E+0 35764.0860 4.874096E+0 35778.5595 4.782717E+0
 35800.2698 4.688512E+0 35821.9800 4.625836E+0 35852.1332 4.569037E+0
 35897.3629 4.519427E+0 35960.6844 4.483848E+0 36079.1178 4.456863E+0
 36398.2664 4.442700E+0 36541.5470 4.442187E+0 39532.5300 4.469859E+0
 41036.9766 4.510331E+0 41968.3007 4.563771E+0 42641.7196 4.633822E+0
 43085.8895 4.707608E+0 43458.4192 4.799240E+0 43744.9804 4.899057E+0
 44002.8855 5.022355E+0 44203.4784 5.151206E+0 44375.4152 5.293890E+0
 44518.6958 5.443650E+0 44633.3203 5.591119E+0 44747.9448 5.770190E+0
 44862.5693 5.990258E+0 44948.5377 6.189659E+0 45034.5060 6.426994E+0
 45120.4744 6.711879E+0 45177.7867 6.934528E+0 45235.0989 7.189027E+0
 45292.4112 7.481528E+0 45349.7234 7.819690E+0 45407.0357 8.213135E+0
 45450.0199 8.553018E+0 45493.0040 8.934508E+0 45535.9883 9.371012E+0
 45578.9724 9.865098E+0 45607.6285 1.023521E+1 45636.2847 1.064151E+1
 45664.9408 1.108857E+1 45693.5969 1.158165E+1 45722.2530 1.212682E+1
 45750.9092 1.273109E+1 45779.5653 1.340138E+1 45811.8035 1.424768E+1
 45844.0416 1.520756E+1 45865.5336 1.591825E+1 45887.0258 1.669427E+1
 45908.5179 1.754024E+1 45930.0100 1.846621E+1 45951.5020 1.947776E+1
 45972.9941 2.058697E+1 45994.4862 2.180027E+1 46015.9783 2.313171E+1
 46037.4704 2.458810E+1 46058.9625 2.618472E+1 46080.4546 2.792739E+1
 46101.9467 2.983061E+1 46123.4388 3.189546E+1 46149.2293 3.459823E+1
 46175.0198 3.754041E+1 46200.8104 4.069886E+1 46243.7945 4.630282E+1
 46278.1819 5.084078E+1 46303.9724 5.405269E+1 46329.7629 5.689405E+1
 46346.9566 5.848287E+1 46364.1502 5.976049E+1 46381.3439 6.067790E+1
 46398.5376 6.119875E+1 46411.1462 6.131848E+1 46421.4625 6.124235E+1
 46438.6562 6.078762E+1 46455.8498 5.993805E+1 46473.0435 5.873052E+1
 46490.2372 5.721407E+1 46516.0277 5.448436E+1 46541.8182 5.138460E+1
 46619.1898 4.153942E+1 46644.9803 3.845644E+1 46670.7708 3.557595E+1
 46696.5613 3.292147E+1 46718.0534 3.088727E+1 46739.5455 2.900718E+1
 46761.0376 2.728056E+1 46782.5296 2.569417E+1 46804.0218 2.424270E+1
 46825.5139 2.291195E+1 46847.0060 2.169557E+1 46868.4980 2.058038E+1
 46889.9901 1.956027E+1 46911.4822 1.862381E+1 46943.7204 1.736268E+1
 46975.9585 1.625130E+1 47008.1967 1.526865E+1 47040.4348 1.439862E+1
 47069.0909 1.370681E+1 47097.7470 1.308090E+1 47126.4032 1.251417E+1
 47155.0593 1.199978E+1 47183.7154 1.153175E+1 47226.6996 1.090777E+1
 47269.6838 1.035730E+1 47312.6680 9.876717E+0 47355.6522 9.448944E+0
 47384.3083 9.191905E+0 47441.6205 8.733581E+0 47498.9328 8.338420E+0
 47556.2450 7.995486E+0 47613.5573 7.696067E+0 47670.8695 7.433168E+0
 47756.8379 7.095195E+0 47842.8063 6.811946E+0 47928.7747 6.573952E+0
 48014.7430 6.367794E+0 48129.3675 6.138374E+0 48243.9920 5.948212E+0
 48387.2727 5.753512E+0 48530.5533 5.593911E+0 48702.4900 5.439032E+0
 48903.0829 5.295507E+0 49160.9880 5.152399E+0 49476.2054 5.022039E+0
 49848.7350 4.909258E+0 50307.2330 4.809988E+0 50923.3397 4.718521E+0
 51711.3832 4.641165E+0 52857.6282 4.570916E+0 54648.6360 4.506841E+0
 58159.0113 4.420368E+0 58877.4688 4.379677E+0 58949.8363 4.387271E+0
 58986.0200 4.403285E+0 59022.2038 4.442334E+0 59039.0896 4.477319E+0
 59055.9753 4.532767E+0 59068.0366 4.593306E+0 59080.0978 4.682451E+0
 59089.1438 4.778597E+0 59095.1744 4.863326E+0 59101.2050 4.971086E+0
 59106.4818 5.090761E+0 59111.0048 5.218385E+0 59115.5277 5.376405E+0
 59118.9200 5.520696E+0 59122.3121 5.693258E+0 59125.3275 5.876342E+0
 59128.3428 6.094382E+0 59131.3581 6.356279E+0 59133.6196 6.588458E+0
 59135.8811 6.858301E+0 59138.1426 7.173890E+0 59140.4040 7.545451E+0
 59141.9117 7.830597E+0 59143.4193 8.151093E+0 59144.9270 8.512615E+0
 59146.4346 8.921813E+0 59148.1308 9.449221E+0 59149.2615 9.846634E+0
 59150.3923 1.028625E+1 59151.5230 1.077344E+1 59152.6538 1.131445E+1
 59153.7845 1.191616E+1 59154.9153 1.258644E+1 59155.8576 1.320351E+1
 59156.9883 1.402222E+1 59158.1190 1.493566E+1 59159.2498 1.595417E+1
 59160.3805 1.708783E+1 59161.5112 1.834629E+1 59162.6194 1.970861E+1
 59163.7275 2.120356E+1 59164.8356 2.283266E+1 59165.9437 2.459211E+1
 59167.4212 2.712141E+1 59169.2305 3.043414E+1 59172.2457 3.605389E+1
 59173.5725 3.833321E+1 59174.5676 3.986963E+1 59175.5023 4.113150E+1
 59176.4069 4.215126E+1 59177.3114 4.294464E+1 59178.0834 4.342627E+1
 59179.0965 4.376882E+1 59179.4825 4.381077E+1 59180.3871 4.371715E+1
 59181.2917 4.335989E+1 59182.1963 4.275257E+1 59183.1009 4.191594E+1
 59184.3070 4.049033E+1 59185.7544 3.840902E+1 59187.2017 3.605450E+1
 59190.8201 2.980908E+1 59192.1468 2.761925E+1 59193.4735 2.556109E+1
 59194.6043 2.392959E+1 59195.7350 2.241905E+1 59196.8658 2.103065E+1
 59197.9965 1.976191E+1 59199.1272 1.860709E+1 59200.2580 1.755874E+1
 59201.3888 1.660865E+1 59202.5195 1.574830E+1 59203.6503 1.496904E+1
 59204.7810 1.426293E+1 59206.2887 1.342214E+1 59207.7963 1.268191E+1
 59209.3040 1.202815E+1 59210.8116 1.144890E+1 59212.3193 1.093380E+1
 59213.8269 1.047422E+1 59215.3346 1.006271E+1 59217.5960 9.522160E+0
 59219.8576 9.058478E+0 59222.1191 8.658007E+0 59224.3806 8.309840E+0
 59226.6420 8.005297E+0 59229.6573 7.655179E+0 59232.6726 7.357298E+0
 59235.6879 7.101718E+0 59238.7032 6.880757E+0 59243.2262 6.601323E+0
 59247.7492 6.370874E+0 59252.2722 6.178327E+0 59256.7951 6.015713E+0
 59262.8257 5.835318E+0 59268.8564 5.687183E+0 59277.9023 5.509782E+0
 59286.9482 5.371546E+0 59297.2003 5.248456E+0 59311.6738 5.116905E+0
 59327.6550 5.009879E+0 59345.1438 4.922945E+0 59371.9801 4.828249E+0
 59408.1638 4.744029E+0 59444.3476 4.687993E+0 59498.6232 4.632591E+0
 59595.1132 4.575748E+0 59757.9400 4.528066E+0 60071.5325 4.488591E+0
 60795.2075 4.455094E+0 63476.1600 4.411198E+0 66308.9888 4.364351E+0
 66797.4075 4.355560E+0 67041.6169 4.365661E+0 67163.7216 4.390767E+0
 67246.7528 4.432097E+0 67305.3630 4.488873E+0 67344.4365 4.551864E+0
 67373.7417 4.621807E+0 67403.0468 4.723070E+0 67422.5835 4.816989E+0
 67442.1203 4.942366E+0 67456.7729 5.065428E+0 67471.4254 5.223038E+0
 67481.1938 5.353357E+0 67490.9622 5.510643E+0 67500.7305 5.701919E+0
 67508.8709 5.894246E+0 67517.0112 6.124491E+0 67523.1165 6.327959E+0
 67529.2217 6.563705E+0 67535.3269 6.838489E+0 67541.4321 7.160835E+0
 67547.5374 7.541588E+0 67551.6075 7.834572E+0 67555.6777 8.164684E+0
 67559.7478 8.537925E+0 67563.8180 8.961415E+0 67567.0741 9.341934E+0
 67570.7372 9.821134E+0 67574.4004 1.036295E+1 67578.0635 1.097789E+1
 67581.7267 1.167810E+1 67585.3898 1.247737E+1 67588.4425 1.323064E+1
 67591.4951 1.407441E+1 67594.5477 1.502044E+1 67597.6003 1.608151E+1
 67600.6529 1.727109E+1 67603.5427 1.852790E+1 67606.3512 1.988157E+1
 67609.1595 2.137377E+1 67611.9680 2.300982E+1 67614.7764 2.478960E+1
 67618.1139 2.708043E+1 67622.5096 3.033113E+1 67628.3706 3.481285E+1
 67631.6268 3.716961E+1 67634.0689 3.876750E+1 67636.5110 4.014925E+1
 67638.9531 4.125434E+1 67641.3951 4.203139E+1 67643.2023 4.237310E+1
 67645.3025 4.250842E+1 67647.7446 4.231025E+1 67650.1867 4.174586E+1
 67652.6288 4.085003E+1 67655.0709 3.967193E+1 67657.5130 3.826953E+1
 67660.9319 3.604526E+1 67670.5375 2.933323E+1 67674.1193 2.698651E+1
 67677.7010 2.482122E+1 67680.3873 2.332883E+1 67683.0735 2.195114E+1
 67686.1262 2.052117E+1 67689.1788 1.922804E+1 67692.2314 1.806162E+1
 67695.2840 1.701085E+1 67698.3366 1.606454E+1 67701.3892 1.521198E+1
 67704.4419 1.444312E+1 67707.4945 1.374894E+1 67710.5472 1.312124E+1
 67713.5998 1.255274E+1 67717.6699 1.187536E+1 67721.7401 1.127744E+1
 67725.8102 1.074753E+1 67729.8804 1.027633E+1 67733.9505 9.855985E+0
 67738.0207 9.479708E+0 67744.1259 8.985566E+0 67750.2311 8.561860E+0
 67756.3364 8.196025E+0 67762.4417 7.878114E+0 67768.5469 7.600179E+0
 67776.6872 7.280895E+0 67784.8275 7.009498E+0 67792.9678 6.776850E+0
 67801.1081 6.575883E+0 67813.3185 6.322374E+0 67827.9711 6.076359E+0
 67842.6237 5.877826E+0 67852.3920 5.766087E+0 67871.9288 5.580598E+0
 67891.4655 5.433712E+0 67911.0023 5.315196E+0 67940.3074 5.175821E+0
 67969.6125 5.069197E+0 68008.6860 4.961766E+0 68047.7595 4.880982E+0
 68109.6259 4.788459E+0 68181.2607 4.714714E+0 68278.9444 4.647396E+0
 68425.4700 4.584623E+0 68653.3988 4.529565E+0 69044.1338 4.482237E+0
 69793.0425 4.442688E+0 71632.7532 4.405308E+0 74855.9475 4.371952E+0
 75369.1063 4.384087E+0 75569.9075 4.411512E+0 75681.4638 4.449669E+0
 75748.3975 4.492355E+0 75793.0200 4.536918E+0 75837.6425 4.603962E+0
 75871.1094 4.678557E+0 75902.3452 4.779169E+0 75922.4253 4.867775E+0
 75942.5054 4.984782E+0 75957.5655 5.098487E+0 75972.6256 5.243219E+0
 75982.6657 5.362652E+0 75992.7058 5.506056E+0 76002.7458 5.680110E+0
 76012.2281 5.880835E+0 76019.3399 6.060899E+0 76026.4516 6.272655E+0
 76033.5633 6.523486E+0 76040.6749 6.823814E+0 76046.2527 7.103017E+0
 76051.8305 7.429673E+0 76056.0139 7.712260E+0 76060.1972 8.033403E+0
 76064.3806 8.400227E+0 76068.5640 8.821493E+0 76072.7474 9.308100E+0
 76075.5363 9.675405E+0 76078.3252 1.008263E+1 76081.1141 1.053550E+1
 76083.9030 1.104076E+1 76086.4827 1.156161E+1 76088.8533 1.209203E+1
 76091.2239 1.267883E+1 76093.5945 1.332967E+1 76095.9650 1.405337E+1
 76098.3356 1.486035E+1 76100.7062 1.576273E+1 76103.0768 1.677467E+1
 76104.9593 1.766711E+1 76107.0509 1.876311E+1 76109.1426 1.998286E+1
 76111.2343 2.134210E+1 76113.3260 2.285824E+1 76115.4176 2.455002E+1
 76117.5093 2.643744E+1 76119.6010 2.854050E+1 76121.6927 3.087814E+1
 76123.7843 3.346605E+1 76125.8760 3.631427E+1 76127.7167 3.903619E+1
 76130.0036 4.268378E+1 76132.2905 4.658372E+1 76138.6213 5.787706E+1
 76140.7966 6.148344E+1 76142.6373 6.420533E+1 76144.3107 6.631313E+1
 76145.9840 6.798727E+1 76147.3562 6.898801E+1 76148.7283 6.962225E+1
 76150.2677 6.987574E+1 76151.4726 6.973084E+1 76152.6774 6.928865E+1
 76154.3508 6.820337E+1 76156.0241 6.661684E+1 76157.6974 6.459729E+1
 76159.3708 6.222526E+1 76161.6019 5.866429E+1 76168.2953 4.704084E+1
 76171.1958 4.226435E+1 76173.2038 3.919419E+1 76175.2118 3.634645E+1
 76177.2198 3.372939E+1 76179.2279 3.134052E+1 76181.2358 2.917069E+1
 76183.3275 2.712810E+1 76185.4192 2.528992E+1 76187.5109 2.363722E+1
 76189.6025 2.215146E+1 76191.6942 2.081488E+1 76193.3676 1.984209E+1
 76195.3198 1.880460E+1 76197.2721 1.786141E+1 76199.2243 1.700262E+1
 76201.1766 1.621915E+1 76204.1049 1.516814E+1 76207.0332 1.424589E+1
 76209.4038 1.358041E+1 76212.1927 1.287796E+1 76214.9816 1.225129E+1
 76217.7705 1.169032E+1 76220.5594 1.118647E+1 76223.3483 1.073248E+1
 76227.5316 1.013165E+1 76231.7150 9.611956E+0 76235.8984 9.159673E+0
 76240.0818 8.763786E+0 76244.2651 8.415412E+0 76249.8429 8.012490E+0
 76254.5841 7.716126E+0 76260.4408 7.398300E+0 76266.2975 7.124767E+0
 76272.1542 6.887419E+0 76279.9631 6.616495E+0 76288.8876 6.358245E+0
 76298.9277 6.118869E+0 76308.9678 5.921415E+0 76319.0078 5.756588E+0
 76334.0679 5.555996E+0 76349.1280 5.397342E+0 76364.1880 5.269596E+0
 76380.9215 5.154724E+0 76397.6549 5.061591E+0 76419.9662 4.961838E+0
 76453.4330 4.849572E+0 76495.8244 4.749477E+0 76540.4469 4.675455E+0
 76607.3807 4.600123E+0 76696.6257 4.536737E+0 76841.6488 4.477284E+0
 77064.7613 4.429287E+0 77533.2975 4.380301E+0 78358.8138 4.312136E+0
 78657.2268 4.263887E+0 78821.7725 4.214675E+0 78931.4263 4.159020E+0
 79012.6513 4.091598E+0 79053.2638 4.041835E+0 79093.8763 3.973203E+0
 79124.3357 3.901649E+0 79144.6419 3.838950E+0 79164.4405 3.760501E+0
 79183.7315 3.659614E+0 79198.4535 3.558351E+0 79208.6067 3.470596E+0
 79218.7598 3.362383E+0 79226.3746 3.263112E+0 79233.9894 3.142878E+0
 79240.2336 3.023608E+0 79244.3964 2.930771E+0 79248.5592 2.824623E+0
 79252.0620 2.722807E+0 79256.3263 2.579935E+0 79259.1692 2.470704E+0
 79262.0120 2.347986E+0 79265.0580 2.198763E+0 79267.0886 2.087418E+0
 79269.1192 1.965256E+0 79271.1499 1.831149E+0 79273.1805 1.684267E+0
 79275.2111 1.524654E+0 79277.7494 1.311282E+0 79279.3739 1.173706E+0
 79280.4907 1.084673E+0 79281.3284 1.024724E+0 79281.8868 9.898708E-1
 79282.4452 9.605842E-1 79282.8767 9.427321E-1 79283.3336 9.293634E-1
 79283.7905 9.227702E-1 79283.9428 9.222883E-1 79284.2474 9.241929E-1
 79284.5520 9.302731E-1 79284.8566 9.409768E-1 79285.1611 9.567760E-1
 79285.4658 9.781969E-1 79285.7704 1.005759E+0 79286.0750 1.040037E+0
 79286.3795 1.081610E+0 79286.6841 1.131127E+0 79286.9379 1.178910E+0
 79287.2425 1.244665E+0 79287.5471 1.320239E+0 79287.8517 1.406333E+0
 79288.1310 1.495130E+0 79288.3848 1.584477E+0 79288.6387 1.682537E+0
 79288.8925 1.789650E+0 79289.1210 1.894201E+0 79289.4255 2.046006E+0
 79289.7301 2.212750E+0 79290.0093 2.379231E+0 79290.2759 2.550831E+0
 79290.5932 2.771694E+0 79290.8724 2.981436E+0 79291.2277 3.269782E+0
 79291.6084 3.606043E+0 79291.9892 3.971210E+0 79292.3446 4.338342E+0
 79292.6999 4.730870E+0 79293.0806 5.179615E+0 79293.4614 5.657187E+0
 79293.8929 6.232079E+0 79294.3498 6.878130E+0 79294.8066 7.559838E+0
 79295.3397 8.396183E+0 79296.0505 9.568553E+0 79297.1419 1.145410E+1
 79298.7257 1.421507E+1 79299.6192 1.568790E+1 79300.4314 1.691687E+1
 79301.2193 1.797354E+1 79301.8123 1.866346E+1 79302.4012 1.924856E+1
 79302.9291 1.968267E+1 79303.4774 2.003955E+1 79304.0866 2.032198E+1
 79304.6958 2.048508E+1 79305.2720 2.053271E+1 79305.8939 2.047383E+1
 79306.6402 2.026429E+1 79307.3966 1.991560E+1 79307.9042 1.961567E+1
 79308.9195 1.888900E+1 79310.0618 1.792938E+1 79312.9807 1.527298E+1
 79313.9960 1.439926E+1 79315.0113 1.358763E+1 79316.0266 1.284752E+1
 79317.0420 1.218182E+1 79318.0573 1.158888E+1 79319.0726 1.106388E+1
 79320.0879 1.060038E+1 79321.2302 1.014365E+1 79322.3724 9.745978E+0
 79323.1339 9.509114E+0 79324.6569 9.092506E+0 79326.1798 8.738817E+0
 79327.7029 8.435170E+0 79329.2258 8.171804E+0 79331.2564 7.870482E+0
 79333.2870 7.614260E+0 79335.3177 7.393603E+0 79338.3636 7.114519E+0
 79341.4095 6.883311E+0 79345.5723 6.624596E+0 79350.2936 6.389603E+0
 79355.0147 6.199503E+0 79359.7867 6.040992E+0 79366.9446 5.849369E+0
 79374.1025 5.697672E+0 79381.7174 5.567534E+0 79389.3323 5.461010E+0
 79400.5007 5.335624E+0 79412.6845 5.228668E+0 79428.9295 5.118767E+0
 79449.2357 5.016204E+0 79479.6951 4.907092E+0 79500.0013 4.853281E+0
 79544.6750 4.766997E+0 79605.5938 4.690471E+0 79686.8188 4.626230E+0
 79804.5950 4.569879E+0 79997.8944 4.518317E+0 80346.2611 4.472588E+0
 81011.3248 4.434981E+0 82597.4319 4.401794E+0 87526.5565 4.367030E+0
 111854.172 4.290094E+0 130088.519 4.229361E+0 133391.750 4.211334E+0
 134085.021 4.221568E+0 134411.265 4.249403E+0 134574.388 4.283797E+0
 134704.886 4.336038E+0 134802.759 4.404744E+0 134868.008 4.476513E+0
 134916.945 4.552842E+0 134961.804 4.648586E+0 135004.624 4.774141E+0
 135033.170 4.884900E+0 135061.717 5.025903E+0 135083.127 5.158091E+0
 135104.536 5.320141E+0 135125.947 5.521136E+0 135140.220 5.682758E+0
 135154.493 5.872048E+0 135168.256 6.086553E+0 135181.510 6.329416E+0
 135194.763 6.615854E+0 135204.704 6.864952E+0 135214.643 7.148651E+0
 135224.839 7.483146E+0 135235.034 7.869543E+0 135242.681 8.198920E+0
 135250.327 8.567263E+0 135257.973 8.979879E+0 135265.620 9.442715E+0
 135273.267 9.962195E+0 135280.913 1.054519E+1 135288.559 1.119899E+1
 135296.205 1.193063E+1 135302.781 1.262686E+1 135309.357 1.338814E+1
 135313.741 1.393258E+1 135322.509 1.510872E+1 135331.276 1.639070E+1
 135355.744 2.022157E+1 135363.901 2.139437E+1 135370.018 2.215901E+1
 135376.135 2.278541E+1 135382.252 2.324177E+1 135388.369 2.350406E+1
 135393.262 2.356495E+1 135399.380 2.345363E+1 135405.497 2.314413E+1
 135411.614 2.265769E+1 135417.731 2.202363E+1 135425.887 2.100711E+1
 135438.937 1.915856E+1 135451.987 1.726949E+1 135460.959 1.603955E+1
 135469.931 1.490133E+1 135478.903 1.386737E+1 135487.874 1.293952E+1
 135495.521 1.222919E+1 135503.167 1.158819E+1 135510.813 1.101079E+1
 135518.459 1.049109E+1 135526.106 1.002323E+1 135533.752 9.601862E+0
 135543.948 9.103534E+0 135554.143 8.668238E+0 135564.338 8.287036E+0
 135576.572 7.890126E+0 135587.278 7.587512E+0 135597.982 7.320578E+0
 135612.255 7.011580E+0 135626.528 6.747174E+0 135640.802 6.519394E+0
 135655.075 6.321945E+0 135676.485 6.071808E+0 135697.894 5.865578E+0
 135712.167 5.747603E+0 135740.713 5.548701E+0 135769.260 5.388469E+0
 135797.806 5.257463E+0 135830.431 5.135275E+0 135879.368 4.991355E+0
 135928.304 4.881639E+0 135993.554 4.771454E+0 136058.803 4.689313E+0
 136156.677 4.600016E+0 136254.550 4.536766E+0 136401.360 4.471151E+0
 136613.419 4.411046E+0 136939.664 4.357694E+0 137469.812 4.313026E+0
 138489.328 4.275065E+0 140854.604 4.242451E+0 152259.482 4.184133E+0
 159966.821 4.146641E+0 161088.775 4.157329E+0 161576.581 4.181689E+0
 161869.266 4.217174E+0 162074.144 4.265652E+0 162220.486 4.325916E+0
 162308.291 4.381002E+0 162396.096 4.460115E+0 162454.633 4.533478E+0
 162513.169 4.631955E+0 162557.072 4.729218E+0 162600.975 4.855885E+0
 162630.243 4.962443E+0 162659.512 5.092688E+0 162688.780 5.253927E+0
 162710.731 5.401229E+0 162732.682 5.577522E+0 162754.634 5.790573E+0
 162769.268 5.958002E+0 162783.902 6.150216E+0 162798.536 6.372023E+0
 162813.171 6.629287E+0 162827.805 6.928578E+0 162838.781 7.186546E+0
 162849.756 7.478547E+0 162860.732 7.809648E+0 162870.488 8.141697E+0
 162879.634 8.489829E+0 162888.780 8.878270E+0 162897.927 9.312060E+0
 162907.073 9.796431E+0 162915.975 1.032172E+1 162924.390 1.087159E+1
 162932.805 1.147699E+1 162941.220 1.214051E+1 162946.830 1.261576E+1
 162958.049 1.364345E+1 162971.220 1.496488E+1 162998.049 1.778643E+1
 163007.805 1.870492E+1 163015.122 1.929207E+1 163022.439 1.975934E+1
 163029.756 2.008091E+1 163035.805 2.022287E+1 163040.000 2.025166E+1
 163046.195 2.018840E+1 163052.854 1.998334E+1 163059.512 1.964677E+1
 163066.830 1.914464E+1 163074.147 1.853059E+1 163079.025 1.807369E+1
 163092.684 1.667323E+1 163111.464 1.469005E+1 163121.708 1.367079E+1
 163131.952 1.272750E+1 163142.196 1.186999E+1 163150.366 1.124863E+1
 163159.513 1.061676E+1 163168.660 1.004845E+1 163177.806 9.538694E+0
 163186.952 9.081994E+0 163196.098 8.672936E+0 163205.245 8.306337E+0
 163214.392 7.977493E+0 163226.587 7.590413E+0 163238.782 7.253901E+0
 163252.196 6.933491E+0 163266.830 6.633403E+0 163281.464 6.375321E+0
 163296.098 6.152655E+0 163310.733 5.959558E+0 163332.684 5.715148E+0
 163354.635 5.514061E+0 163376.587 5.346900E+0 163405.855 5.164876E+0
 163435.124 5.018583E+0 163464.392 4.899386E+0 163496.100 4.793647E+0
 163547.319 4.660946E+0 163605.855 4.548869E+0 163664.392 4.465554E+0
 163752.198 4.375632E+0 163840.003 4.312708E+0 163986.345 4.243200E+0
 164171.711 4.190257E+0 164421.339 4.151824E+0 164709.449 4.137182E+0
 164933.535 4.149618E+0 165093.596 4.179843E+0 165221.645 4.227028E+0
 165317.682 4.285133E+0 165381.706 4.340429E+0 165445.731 4.415444E+0
 165509.755 4.518289E+0 165557.774 4.621162E+0 165605.792 4.754792E+0
 165637.804 4.866517E+0 165669.816 5.001695E+0 165701.829 5.166506E+0
 165725.838 5.314384E+0 165749.847 5.487863E+0 165773.856 5.692480E+0
 165797.865 5.934398E+0 165821.875 6.222796E+0 165837.881 6.446591E+0
 165853.887 6.699737E+0 165869.893 6.986722E+0 165885.899 7.312726E+0
 165901.905 7.683682E+0 165917.911 8.106298E+0 165933.918 8.588057E+0
 165945.923 8.992990E+0 165957.927 9.439164E+0 165969.932 9.930107E+0
 165981.936 1.046884E+1 165997.142 1.122375E+1 166011.548 1.201674E+1
 166025.953 1.288412E+1 166040.359 1.381941E+1 166063.167 1.540150E+1
 166089.177 1.722855E+1 166105.183 1.825923E+1 166117.188 1.893094E+1
 166127.752 1.942215E+1 166137.596 1.977834E+1 166149.040 2.005351E+1
 166159.604 2.016569E+1 166162.805 2.017242E+1 166174.810 2.008721E+1
 166186.814 1.983754E+1 166198.819 1.944371E+1 166210.823 1.893218E+1
 166226.829 1.811691E+1 166255.640 1.645779E+1 166284.451 1.479335E+1
 166306.060 1.364226E+1 166320.466 1.293903E+1 166334.872 1.229007E+1
 166350.077 1.166374E+1 166366.083 1.106667E+1 166382.089 1.052903E+1
 166398.095 1.004565E+1 166414.102 9.611193E+0 166430.108 9.220579E+0
 166454.117 8.706421E+0 166478.126 8.265750E+0 166502.135 7.887045E+0
 166526.144 7.559394E+0 166550.154 7.273834E+0 166566.160 7.103854E+0
 166598.172 6.805167E+0 166630.184 6.552343E+0 166662.196 6.336572E+0
 166694.209 6.150991E+0 166742.227 5.917789E+0 166790.245 5.726988E+0
 166838.264 5.568784E+0 166886.282 5.436038E+0 166950.307 5.289684E+0
 167014.331 5.170463E+0 167110.368 5.028141E+0 167206.405 4.917823E+0
 167334.454 4.805010E+0 167494.515 4.700939E+0 167686.588 4.610755E+0
 167942.686 4.526541E+0 168278.815 4.452174E+0 168750.996 4.385225E+0
 169471.271 4.324049E+0 170551.685 4.272715E+0 172472.420 4.225035E+0
 176553.982 4.174593E+0 182669.388 4.111490E+0 184577.143 4.080091E+0
 184949.388 4.092061E+0 185135.511 4.121809E+0 185247.184 4.162418E+0
 185321.633 4.209465E+0 185377.470 4.263072E+0 185428.653 4.334027E+0
 185477.510 4.432634E+0 185510.082 4.523421E+0 185542.653 4.643452E+0
 185567.082 4.759910E+0 185591.510 4.907203E+0 185607.796 5.027618E+0
 185624.082 5.170567E+0 185640.368 5.341414E+0 185656.653 5.547029E+0
 185670.613 5.757351E+0 185684.572 6.006400E+0 185695.042 6.224529E+0
 185705.511 6.474356E+0 185715.399 6.744196E+0 185724.123 7.013877E+0
 185732.847 7.317513E+0 185741.572 7.659798E+0 185750.296 8.045781E+0
 185759.020 8.481015E+0 185767.048 8.929951E+0 185775.074 9.429627E+0
 185783.101 9.984048E+0 185791.127 1.059600E+1 185799.154 1.126691E+1
 185806.017 1.188609E+1 185814.393 1.269340E+1 185831.144 1.442405E+1
 185844.637 1.581647E+1 185853.943 1.668607E+1 185860.923 1.724589E+1
 185867.902 1.769761E+1 185872.555 1.792770E+1 185879.442 1.815187E+1
 185883.909 1.821904E+1 185886.515 1.822934E+1 185892.448 1.817443E+1
 185898.380 1.801534E+1 185904.662 1.774359E+1 185911.641 1.733492E+1
 185920.947 1.665507E+1 185932.115 1.571073E+1 185955.846 1.359928E+1
 185966.083 1.274594E+1 185976.320 1.195790E+1 185986.556 1.124187E+1
 185997.491 1.055669E+1 186006.215 1.006646E+1 186014.939 9.622681E+0
 186026.572 9.096547E+0 186038.204 8.636930E+0 186049.837 8.234929E+0
 186061.470 7.882615E+0 186073.103 7.573069E+0 186084.735 7.300569E+0
 186101.021 6.970656E+0 186117.307 6.690288E+0 186133.593 6.450779E+0
 186149.878 6.244814E+0 186174.307 5.986241E+0 186198.736 5.775147E+0
 186223.164 5.600634E+0 186247.592 5.454693E+0 186280.163 5.294472E+0
 186312.735 5.164356E+0 186345.306 5.057141E+0 186401.143 4.912650E+0
 186456.980 4.802974E+0 186531.429 4.693344E+0 186605.879 4.611819E+0
 186717.552 4.523189E+0 186866.450 4.443167E+0 187075.838 4.371160E+0
 187368.980 4.310369E+0 187834.286 4.256532E+0 188578.776 4.212563E+0
 190021.226 4.173166E+0 193511.023 4.132572E+0 211213.769 4.012682E+0
 215984.223 3.974133E+0 216819.305 3.984149E+0 217212.285 4.009399E+0
 217396.495 4.040246E+0 217507.020 4.077019E+0 217591.143 4.128489E+0
 217644.563 4.185026E+0 217685.090 4.253550E+0 217710.879 4.318289E+0
 217735.440 4.406176E+0 217752.326 4.490194E+0 217766.141 4.580756E+0
 217779.957 4.700236E+0 217790.703 4.822189E+0 217799.913 4.955445E+0
 217809.123 5.125705E+0 217815.264 5.267007E+0 217821.404 5.437708E+0
 217827.545 5.646505E+0 217832.150 5.835012E+0 217835.988 6.018177E+0
 217840.594 6.276388E+0 217844.048 6.503277E+0 217847.501 6.764417E+0
 217850.955 7.066201E+0 217853.641 7.333479E+0 217856.711 7.679041E+0
 217859.781 8.072859E+0 217862.851 8.520494E+0 217865.891 9.021355E+0
 217868.900 9.576068E+0 217871.909 1.018861E+1 217874.917 1.085291E+1
 217885.018 1.323439E+1 217887.597 1.378381E+1 217890.299 1.427932E+1
 217892.877 1.464760E+1 217894.719 1.483469E+1 217896.561 1.495053E+1
 217898.772 1.498903E+1 217900.295 1.494992E+1 217902.653 1.478474E+1
 217904.667 1.454778E+1 217907.123 1.415146E+1 217909.702 1.362895E+1
 217912.404 1.299408E+1 217917.439 1.168485E+1 217922.351 1.040179E+1
 217925.084 9.733704E+0 217928.093 9.055689E+0 217931.102 8.445646E+0
 217933.358 8.034054E+0 217935.614 7.660730E+0 217937.918 7.316952E+0
 217940.220 7.008657E+0 217943.290 6.647059E+0 217946.360 6.335457E+0
 217949.047 6.098295E+0 217952.500 5.835172E+0 217955.954 5.611552E+0
 217959.408 5.420813E+0 217961.710 5.309164E+0 217966.315 5.116769E+0
 217970.921 4.958231E+0 217975.526 4.826591E+0 217981.667 4.683690E+0
 217987.807 4.569559E+0 217993.948 4.477293E+0 218003.158 4.369382E+0
 218012.368 4.288023E+0 218024.649 4.208020E+0 218033.859 4.163080E+0
 218052.280 4.098720E+0 218076.842 4.045853E+0 218114.912 4.002570E+0
 218155.437 3.981369E+0 218243.858 3.969596E+0 218391.429 3.984383E+0
 218570.796 4.026025E+0 218715.053 4.080461E+0 218824.963 4.143682E+0
 218898.237 4.203523E+0 218971.510 4.286614E+0 219026.466 4.372968E+0
 219063.103 4.447744E+0 219099.739 4.542245E+0 219134.849 4.658814E+0
 219160.037 4.763967E+0 219185.224 4.894166E+0 219208.123 5.041729E+0
 219231.021 5.227074E+0 219246.286 5.378515E+0 219261.552 5.559034E+0
 219276.817 5.776597E+0 219288.266 5.970462E+0 219299.715 6.197142E+0
 219307.347 6.370143E+0 219318.033 6.647713E+0 219326.048 6.887765E+0
 219334.062 7.160228E+0 219342.077 7.470988E+0 219350.090 7.826604E+0
 219357.723 8.213945E+0 219365.355 8.655977E+0 219372.988 9.160642E+0
 219380.620 9.735655E+0 219387.643 1.033287E+1 219394.665 1.099858E+1
 219401.687 1.173214E+1 219411.457 1.284998E+1 219427.944 1.482009E+1
 219433.744 1.544676E+1 219438.324 1.587747E+1 219442.903 1.622955E+1
 219447.483 1.648408E+1 219452.062 1.662496E+1 219455.115 1.665005E+1
 219459.634 1.658190E+1 219463.084 1.644537E+1 219467.542 1.616539E+1
 219471.297 1.584659E+1 219475.876 1.536956E+1 219481.982 1.461629E+1
 219489.310 1.360323E+1 219502.743 1.169145E+1 219508.849 1.087754E+1
 219514.955 1.012492E+1 219521.061 9.441308E+0 219526.786 8.864481E+0
 219532.511 8.347779E+0 219538.236 7.887423E+0 219543.960 7.478763E+0
 219549.684 7.116645E+0 219555.409 6.795978E+0 219561.134 6.512057E+0
 219566.858 6.260543E+0 219574.491 5.968773E+0 219582.123 5.719591E+0
 219588.993 5.525986E+0 219595.862 5.356964E+0 219606.167 5.141659E+0
 219616.471 4.964036E+0 219626.775 4.816708E+0 219637.078 4.693845E+0
 219648.528 4.580436E+0 219659.977 4.486683E+0 219675.242 4.385831E+0
 219690.507 4.306535E+0 219713.797 4.216388E+0 219729.455 4.171553E+0
 219760.771 4.109007E+0 219796.591 4.068622E+0 219843.157 4.047986E+0
 219853.903 4.046969E+0 219913.007 4.060452E+0 219968.528 4.096409E+0
 220025.840 4.153895E+0 220090.316 4.243654E+0 220154.793 4.363337E+0
 220197.777 4.463290E+0 220240.761 4.583000E+0 220283.745 4.726522E+0
 220326.729 4.899233E+0 220366.132 5.087701E+0 220401.952 5.291578E+0
 220437.772 5.531888E+0 220464.637 5.740421E+0 220491.502 5.977250E+0
 220518.367 6.246567E+0 220545.232 6.553103E+0 220572.098 6.902122E+0
 220598.963 7.299276E+0 220625.828 7.750488E+0 220653.410 8.275965E+0
 220681.350 8.877644E+0 220709.289 9.553590E+0 220735.080 1.024303E+1
 220760.870 1.099062E+1 220795.257 1.205815E+1 220846.838 1.370395E+1
 220875.494 1.455351E+1 220896.986 1.511467E+1 220914.610 1.550627E+1
 220935.529 1.587290E+1 220951.719 1.607416E+1 220967.624 1.619631E+1
 220984.387 1.624334E+1 221003.731 1.619553E+1 221023.073 1.604577E+1
 221043.133 1.579556E+1 221064.625 1.543889E+1 221093.281 1.485795E+1
 221130.534 1.399825E+1 221202.174 1.229810E+1 221236.561 1.154366E+1
 221272.382 1.082604E+1 221308.202 1.018245E+1 221344.022 9.611099E+0
 221379.842 9.106621E+0 221415.662 8.662231E+0 221451.482 8.270870E+0
 221487.303 7.925808E+0 221523.123 7.620954E+0 221566.107 7.301885E+0
 221609.091 7.023350E+0 221652.075 6.780685E+0 221695.059 6.567628E+0
 221759.536 6.294705E+0 221824.012 6.066758E+0 221888.488 5.874415E+0
 221952.964 5.710703E+0 222038.933 5.527769E+0 222124.901 5.376509E+0
 222253.854 5.194187E+0 222382.806 5.051287E+0 222554.743 4.903823E+0
 222726.680 4.790932E+0 222955.929 4.677101E+0 223242.491 4.574023E+0
 223529.052 4.499465E+0 223930.237 4.425990E+0 224446.048 4.365769E+0
 225069.319 4.327656E+0 225463.340 4.320915E+0 225966.615 4.337190E+0
 226310.927 4.374868E+0 226558.590 4.427243E+0 226751.888 4.494834E+0
 226896.861 4.571901E+0 227005.592 4.653692E+0 227114.322 4.767525E+0
 227186.808 4.869922E+0 227259.295 5.003465E+0 227313.661 5.132155E+0
 227368.025 5.294224E+0 227404.268 5.427542E+0 227440.512 5.586912E+0
 227476.755 5.779500E+0 227503.938 5.951502E+0 227531.121 6.153063E+0
 227558.303 6.391201E+0 227585.486 6.675101E+0 227603.608 6.895607E+0
 227621.729 7.146244E+0 227639.851 7.432539E+0 227657.972 7.761179E+0
 227676.094 8.140392E+0 227694.215 8.579305E+0 227709.317 9.000085E+0
 227724.418 9.480980E+0 227739.520 1.003165E+1 227750.846 1.049750E+1
 227762.172 1.101501E+1 227773.499 1.159058E+1 227784.824 1.223094E+1
 227796.151 1.294354E+1 227807.477 1.373553E+1 227818.350 1.457698E+1
 227828.316 1.542236E+1 227838.283 1.634114E+1 227848.250 1.733350E+1
 227861.539 1.876482E+1 227877.848 2.065667E+1 227902.011 2.353361E+1
 227912.884 2.473349E+1 227921.945 2.562063E+1 227931.005 2.635996E+1
 227940.067 2.691130E+1 227949.128 2.724075E+1 227956.980 2.732889E+1
 227964.410 2.723722E+1 227971.840 2.697769E+1 227979.270 2.655986E+1
 227987.787 2.590645E+1 227996.848 2.504001E+1 228005.908 2.403887E+1
 228021.614 2.211170E+1 228043.511 1.933747E+1 228055.895 1.784828E+1
 228068.278 1.646488E+1 228080.661 1.520391E+1 228090.628 1.428081E+1
 228101.954 1.332878E+1 228113.280 1.247448E+1 228124.606 1.171040E+1
 228135.933 1.102814E+1 228147.258 1.041945E+1 228158.585 9.876078E+0
 228169.911 9.390717E+0 228181.237 8.956561E+0 228192.563 8.567571E+0
 228207.664 8.110069E+0 228220.123 7.778545E+0 228232.582 7.482986E+0
 228249.193 7.135517E+0 228265.804 6.833893E+0 228283.170 6.560066E+0
 228301.292 6.312250E+0 228319.414 6.096903E+0 228337.536 5.908846E+0
 228364.718 5.668890E+0 228391.901 5.469736E+0 228419.083 5.302943E+0
 228455.327 5.119971E+0 228491.570 4.971922E+0 228527.813 4.850658E+0
 228582.178 4.706494E+0 228636.543 4.595652E+0 228709.030 4.483562E+0
 228781.517 4.400132E+0 228890.247 4.310223E+0 228998.977 4.247555E+0
 229180.194 4.178534E+0 229409.735 4.125661E+0 229772.170 4.077882E+0
 231055.789 3.978588E+0 231388.020 3.931083E+0 231569.237 3.886154E+0
 231690.048 3.839985E+0 231769.463 3.796707E+0 231846.724 3.737859E+0
 231914.530 3.663393E+0 231965.385 3.583728E+0 231999.288 3.512195E+0
 232024.716 3.444078E+0 232050.143 3.358256E+0 232068.451 3.281228E+0
 232086.758 3.186484E+0 232098.963 3.110353E+0 232112.525 3.009579E+0
 232122.696 2.919613E+0 232132.867 2.813782E+0 232143.038 2.687632E+0
 232149.818 2.589284E+0 232155.921 2.488729E+0 232161.345 2.387966E+0
 232166.770 2.274488E+0 232172.194 2.146042E+0 232176.602 2.028758E+0
 232179.992 1.929600E+0 232183.382 1.821821E+0 232186.772 1.704730E+0
 232190.163 1.577801E+0 232193.553 1.441108E+0 232196.944 1.295564E+0
 232203.724 9.930804E-1 232205.419 9.211076E-1 232207.114 8.542861E-1
 232208.386 8.092169E-1 232209.403 7.773980E-1 232210.293 7.533609E-1
 232211.183 7.335581E-1 232212.074 7.186923E-1 232212.963 7.095856E-1
 232213.768 7.069770E-1 232214.404 7.091591E-1 232215.040 7.154629E-1
 232215.675 7.262278E-1 232216.311 7.418593E-1 232216.946 7.626888E-1
 232217.519 7.862859E-1 232218.091 8.146824E-1 232218.663 8.482040E-1
 232219.235 8.871388E-1 232219.807 9.317721E-1 232220.379 9.823843E-1
 232220.951 1.039248E+0 232221.523 1.102627E+0 232222.033 1.164833E+0
 232222.541 1.232307E+0 232223.092 1.311889E+0 232223.728 1.412248E+0
 232224.364 1.521944E+0 232224.957 1.632807E+0 232225.338 1.708467E+0
 232226.100 1.870294E+0 232226.812 2.034229E+0 232227.524 2.210449E+0
 232228.338 2.426817E+0 232229.151 2.658459E+0 232229.965 2.905414E+0
 232231.016 3.245314E+0 232232.203 3.655276E+0 232233.491 4.127143E+0
 232235.153 4.768120E+0 232240.027 6.712349E+0 232241.899 7.417560E+0
 232243.255 7.892396E+0 232244.611 8.328356E+0 232245.967 8.719244E+0
 232247.443 9.088120E+0 232248.917 9.394061E+0 232249.900 9.562655E+0
 232251.324 9.756943E+0 232252.748 9.894016E+0 232254.172 9.977338E+0
 232255.596 1.001156E+1 232257.291 9.995895E+0 232258.986 9.928493E+0
 232261.529 9.752696E+0 232264.072 9.515924E+0 232273.989 8.439863E+0
 232278.820 7.973669E+0 232282.040 7.701388E+0 232285.431 7.446629E+0
 232290.516 7.118933E+0 232295.601 6.845478E+0 232300.687 6.615239E+0
 232305.773 6.419451E+0 232312.384 6.205397E+0 232318.826 6.031117E+0
 232328.488 5.817314E+0 232339.003 5.632376E+0 232351.222 5.461898E+0
 232363.441 5.325586E+0 232376.648 5.206057E+0 232394.914 5.074853E+0
 232415.921 4.958196E+0 232439.667 4.856459E+0 232469.807 4.758001E+0
 232506.340 4.669046E+0 232564.792 4.569126E+0 232604.978 4.519489E+0
 232678.043 4.453075E+0 232789.555 4.386942E+0 232947.849 4.330822E+0
 233178.327 4.286066E+0 233547.091 4.254068E+0 233989.610 4.243842E+0
 234727.140 4.259853E+0 235464.671 4.305018E+0 236202.201 4.380861E+0
 236792.226 4.470258E+0 237308.497 4.577495E+0 237751.015 4.698174E+0
 238119.780 4.825325E+0 238488.546 4.985745E+0 238783.558 5.143464E+0
 239078.570 5.334928E+0 239299.829 5.504695E+0 239521.088 5.705745E+0
 239742.348 5.938422E+0 239889.854 6.117410E+0 240037.360 6.317714E+0
 240221.743 6.602958E+0 240406.125 6.932749E+0 240553.631 7.235363E+0
 240701.137 7.577701E+0 240848.643 7.965841E+0 240996.149 8.406802E+0
 241143.656 8.908631E+0 241254.286 9.331794E+0 241364.915 9.795692E+0
 241475.545 1.031079E+1 241586.174 1.087524E+1 241696.804 1.150101E+1
 241807.433 1.218495E+1 241918.063 1.293957E+1 242013.942 1.364526E+1
 242131.947 1.459050E+1 242249.952 1.561623E+1 242367.957 1.671762E+1
 242544.963 1.848590E+1 242884.228 2.198340E+1 243016.983 2.322553E+1
 243105.487 2.395670E+1 243193.990 2.458389E+1 243282.494 2.508667E+1
 243370.998 2.544852E+1 243456.551 2.565468E+1 243533.255 2.571422E+1
 243607.007 2.566017E+1 243695.511 2.545946E+1 243784.015 2.512105E+1
 243872.518 2.466156E+1 244005.274 2.378830E+1 244138.029 2.275685E+1
 244610.049 1.869920E+1 244787.057 1.727173E+1 244912.437 1.633388E+1
 245052.567 1.536354E+1 245200.073 1.443270E+1 245347.579 1.359138E+1
 245495.085 1.283381E+1 245642.592 1.215297E+1 245790.098 1.154149E+1
 245937.604 1.099213E+1 246121.987 1.038332E+1 246306.369 9.847230E+0
 246490.752 9.376557E+0 246675.134 8.959670E+0 246896.393 8.524188E+0
 247117.653 8.140294E+0 247338.912 7.808221E+0 247560.171 7.512702E+0
 247855.183 7.172770E+0 248150.195 6.881355E+0 248445.207 6.629229E+0
 248813.973 6.358964E+0 249182.738 6.126406E+0 249625.256 5.887307E+0
 250215.281 5.615601E+0 251395.329 5.129681E+0 251690.342 4.982777E+0
 251874.725 4.866675E+0 252022.231 4.745834E+0 252132.860 4.624208E+0
 252206.613 4.517175E+0 252261.928 4.414457E+0 252315.826 4.285393E+0
 252351.286 4.177240E+0 252380.836 4.066286E+0 252410.385 3.928717E+0
 252432.548 3.801261E+0 252447.323 3.700806E+0 252462.097 3.584499E+0
 252478.254 3.434283E+0 252491.408 3.289357E+0 252500.178 3.178704E+0
 252510.703 3.027892E+0 252519.913 2.876833E+0 252529.123 2.704786E+0
 252535.264 2.576870E+0 252541.404 2.437524E+0 252547.545 2.286412E+0
 252555.988 2.061110E+0 252567.501 1.740398E+0 252570.955 1.651147E+0
 252573.641 1.588785E+0 252575.944 1.542837E+0 252578.246 1.506534E+0
 252579.781 1.489206E+0 252581.316 1.478635E+0 252582.851 1.476053E+0
 252584.386 1.482828E+0 252585.768 1.498179E+0 252587.149 1.523510E+0
 252588.592 1.562031E+0 252589.636 1.598432E+0 252590.680 1.642671E+0
 252591.724 1.695363E+0 252592.768 1.757124E+0 252593.812 1.828570E+0
 252594.856 1.910304E+0 252595.900 2.002906E+0 252596.851 2.097182E+0
 252598.141 2.240884E+0 252599.431 2.403553E+0 252600.720 2.585707E+0
 252602.009 2.787924E+0 252603.298 3.010416E+0 252604.649 3.265296E+0
 252606.000 3.541932E+0 252607.351 3.839477E+0 252608.702 4.156661E+0
 252610.544 4.617615E+0 252612.386 5.106276E+0 252615.456 5.962987E+0
 252620.393 7.362601E+0 252623.414 8.167763E+0 252625.649 8.711277E+0
 252627.491 9.116129E+0 252629.333 9.476575E+0 252631.728 9.873452E+0
 252634.123 1.018639E+1 252636.456 1.041154E+1 252638.667 1.055629E+1
 252641.369 1.065127E+1 252643.396 1.067080E+1 252645.422 1.065277E+1
 252648.124 1.058090E+1 252652.544 1.037826E+1 252658.684 1.000120E+1
 252670.965 9.198884E+0 252677.106 8.840153E+0 252683.246 8.520979E+0
 252689.386 8.239646E+0 252698.596 7.879759E+0 252707.807 7.581287E+0
 252717.017 7.331385E+0 252723.157 7.186588E+0 252735.438 6.938607E+0
 252747.719 6.734276E+0 252760.000 6.562944E+0 252778.421 6.351824E+0
 252796.841 6.181121E+0 252821.403 5.997535E+0 252845.964 5.849192E+0
 252875.438 5.703129E+0 252904.911 5.580855E+0 252962.630 5.384249E+0
 253077.605 5.063208E+0 253154.081 4.842865E+0 253189.886 4.722545E+0
 253225.690 4.581062E+0 253255.176 4.440195E+0 253277.290 4.313309E+0
 253295.192 4.191881E+0 253310.989 4.066275E+0 253326.784 3.917918E+0
 253341.001 3.758817E+0 253350.478 3.635545E+0 253359.956 3.495124E+0
 253369.960 3.324111E+0 253377.858 3.168971E+0 253385.755 2.992568E+0
 253391.021 2.861321E+0 253396.286 2.717945E+0 253401.551 2.561507E+0
 253406.816 2.391589E+0 253411.555 2.227658E+0 253423.402 1.793257E+0
 253427.088 1.666407E+0 253429.721 1.586494E+0 253431.696 1.535972E+0
 253433.670 1.496695E+0 253434.986 1.478427E+0 253436.302 1.467850E+0
 253437.158 1.465711E+0 253438.442 1.470487E+0 253439.725 1.486074E+0
 253441.009 1.513991E+0 253441.864 1.540192E+0 253442.720 1.573082E+0
 253443.871 1.628679E+0 253444.957 1.694095E+0 253446.043 1.773132E+0
 253447.129 1.866786E+0 253448.215 1.976010E+0 253448.939 2.057918E+0
 253449.992 2.190598E+0 253451.045 2.339922E+0 253452.098 2.506428E+0
 253453.151 2.690517E+0 253454.204 2.892419E+0 253455.257 3.112184E+0
 253456.310 3.349652E+0 253457.363 3.604446E+0 253458.417 3.876217E+0
 253459.997 4.313044E+0 253461.576 4.781305E+0 253463.682 5.446231E+0
 253466.747 6.466835E+0 253470.842 7.839678E+0 253472.949 8.508716E+0
 253475.055 9.128669E+0 253477.161 9.685259E+0 253479.267 1.016756E+1
 253480.952 1.049524E+1 253482.637 1.076941E+1 253484.322 1.099021E+1
 253486.428 1.119366E+1 253488.640 1.132665E+1 253490.851 1.138602E+1
 253491.957 1.139143E+1 253494.169 1.136072E+1 253496.591 1.127464E+1
 253500.539 1.105118E+1 253505.804 1.066592E+1 253516.335 9.854608E+0
 253521.601 9.490427E+0 253526.866 9.165135E+0 253534.764 8.746417E+0
 253542.662 8.399030E+0 253550.560 8.109070E+0 253558.457 7.864746E+0
 253568.988 7.594102E+0 253579.519 7.371848E+0 253590.050 7.186300E+0
 253605.846 6.959195E+0 253621.641 6.777370E+0 253642.703 6.584620E+0
 253663.764 6.432099E+0 253693.250 6.264932E+0 253722.735 6.134753E+0
 253759.593 6.007045E+0 253814.879 5.863126E+0 253870.164 5.755463E+0
 253943.879 5.646773E+0 254059.716 5.523734E+0 254186.083 5.427412E+0
 254396.696 5.313630E+0 254691.553 5.204194E+0 255112.778 5.096083E+0
 255702.493 4.989396E+0 256587.065 4.876005E+0 257779.762 4.766931E+0
 259389.230 4.660641E+0 261437.643 4.563433E+0 264170.419 4.470713E+0
 267814.119 4.383304E+0 273279.670 4.291239E+0 284010.918 4.146138E+0
 285223.801 4.126924E+0 285558.163 4.137570E+0 285715.510 4.164601E+0
 285813.853 4.206851E+0 285872.857 4.254540E+0 285912.194 4.303902E+0
 285951.531 4.377262E+0 285984.312 4.467832E+0 286008.897 4.563240E+0
 286025.288 4.645776E+0 286041.678 4.748944E+0 286058.068 4.879529E+0
 286070.361 5.001071E+0 286082.653 5.148702E+0 286092.488 5.290244E+0
 286102.322 5.457636E+0 286112.156 5.656914E+0 286121.990 5.895361E+0
 286130.185 6.130323E+0 286138.380 6.404727E+0 286146.575 6.725578E+0
 286152.722 7.001334E+0 286158.540 7.293386E+0 286166.080 7.721233E+0
 286173.620 8.209062E+0 286181.160 8.758895E+0 286187.880 9.298986E+0
 286196.730 1.006913E+1 286211.809 1.142995E+1 286218.365 1.197401E+1
 286224.921 1.244112E+1 286229.838 1.272017E+1 286234.755 1.292417E+1
 286239.607 1.304305E+1 286243.278 1.307561E+1 286247.458 1.305206E+1
 286251.637 1.296605E+1 286256.063 1.281172E+1 286260.980 1.257307E+1
 286267.536 1.216637E+1 286274.912 1.162569E+1 286294.252 1.008581E+1
 286304.824 9.305294E+0 286311.872 8.835204E+0 286319.494 8.376101E+0
 286327.689 7.938535E+0 286335.884 7.555035E+0 286344.079 7.220090E+0
 286352.274 6.927827E+0 286360.470 6.672577E+0 286368.665 6.449297E+0
 286380.957 6.164645E+0 286392.636 5.939834E+0 286404.314 5.750452E+0
 286419.885 5.541639E+0 286435.455 5.371936E+0 286451.436 5.229007E+0
 286467.826 5.107900E+0 286492.411 4.962674E+0 286508.801 4.884361E+0
 286541.582 4.759862E+0 286574.363 4.666229E+0 286616.978 4.575359E+0
 286679.261 4.482275E+0 286738.266 4.421076E+0 286816.939 4.363783E+0
 286934.950 4.307683E+0 287131.633 4.253243E+0 287457.490 4.206907E+0
 288045.907 4.167510E+0 289423.689 4.125742E+0 291831.463 4.088233E+0
 292259.512 4.086338E+0 293169.116 4.097402E+0 293757.683 4.129968E+0
 294132.226 4.175417E+0 294399.756 4.230407E+0 294613.780 4.296827E+0
 294774.299 4.366421E+0 294934.817 4.460593E+0 295041.829 4.542066E+0
 295148.841 4.643485E+0 295255.854 4.770789E+0 295362.866 4.931781E+0
 295443.125 5.081106E+0 295523.384 5.261815E+0 295583.579 5.422337E+0
 295643.773 5.608558E+0 295703.967 5.825059E+0 295764.162 6.077230E+0
 295824.357 6.371227E+0 295884.551 6.713777E+0 295944.745 7.111938E+0
 296004.939 7.572345E+0 296047.744 7.940697E+0 296090.549 8.344484E+0
 296154.757 9.014788E+0 296218.964 9.752335E+0 296347.378 1.130605E+1
 296390.183 1.178904E+1 296432.988 1.221940E+1 296475.793 1.257491E+1
 296507.897 1.278064E+1 296544.281 1.294235E+1 296574.244 1.301403E+1
 296598.857 1.303159E+1 296638.987 1.298118E+1 296679.116 1.284067E+1
 296721.921 1.260537E+1 296764.726 1.230006E+1 296836.960 1.167999E+1
 296989.451 1.025103E+1 297056.334 9.664985E+0 297128.567 9.089317E+0
 297188.762 8.658517E+0 297248.956 8.271651E+0 297309.150 7.925977E+0
 297369.345 7.617932E+0 297449.604 7.259077E+0 297529.863 6.951327E+0
 297610.122 6.686644E+0 297690.381 6.458099E+0 297770.640 6.260295E+0
 297877.653 6.034738E+0 297984.665 5.845290E+0 298091.677 5.684791E+0
 298252.195 5.486515E+0 298412.714 5.327269E+0 298573.232 5.197343E+0
 298787.256 5.058062E+0 299054.787 4.923333E+0 299349.070 4.810481E+0
 299750.366 4.695516E+0 300231.921 4.596468E+0 300873.994 4.503775E+0
 301730.092 4.420362E+0 302853.720 4.348104E+0 304565.915 4.276884E+0
 309648.995 4.134480E+0 310547.214 4.088071E+0 311101.265 4.034699E+0
 311409.072 4.001941E+0 311495.257 4.012107E+0 311550.663 4.041461E+0
 311584.522 4.079551E+0 311615.302 4.139179E+0 311638.388 4.209971E+0
 311653.778 4.276217E+0 311669.168 4.364262E+0 311680.711 4.449536E+0
 311692.253 4.556565E+0 311701.488 4.662140E+0 311710.722 4.790134E+0
 311719.956 4.946234E+0 311729.190 5.137509E+0 311736.885 5.330071E+0
 311744.580 5.559362E+0 311750.352 5.759816E+0 311756.123 5.988441E+0
 311761.740 6.241567E+0 311767.050 6.511802E+0 311772.360 6.815014E+0
 311777.670 7.153675E+0 311782.980 7.529510E+0 311788.289 7.942889E+0
 311793.830 8.412840E+0 311802.141 9.180150E+0 311816.607 1.058801E+1
 311822.763 1.114840E+1 311828.919 1.163917E+1 311833.536 1.194219E+1
 311837.353 1.214137E+1 311840.862 1.227898E+1 311844.741 1.237742E+1
 311849.312 1.241973E+1 311854.160 1.237963E+1 311859.700 1.223552E+1
 311864.317 1.204627E+1 311868.934 1.180608E+1 311875.090 1.142725E+1
 311884.324 1.078772E+1 311900.330 9.660606E+0 311907.718 9.182391E+0
 311915.105 8.744213E+0 311922.493 8.348202E+0 311930.034 7.986540E+0
 311937.729 7.658798E+0 311945.424 7.368792E+0 311953.119 7.112282E+0
 311962.353 6.842973E+0 311973.127 6.573867E+0 311983.900 6.344991E+0
 311994.673 6.148966E+0 312007.755 5.946896E+0 312023.145 5.749558E+0
 312038.536 5.586401E+0 312053.926 5.449955E+0 312077.012 5.283497E+0
 312092.402 5.192232E+0 312123.182 5.044518E+0 312155.502 4.925870E+0
 312187.822 4.833255E+0 312230.915 4.737645E+0 312295.554 4.633831E+0
 312360.193 4.559984E+0 312467.925 4.475598E+0 312597.204 4.410117E+0
 312778.810 4.351720E+0 313055.835 4.298648E+0 313502.154 4.251436E+0
 314364.012 4.205737E+0 316210.849 4.159549E+0 325452.071 4.030189E+0
 327468.929 3.980199E+0 328895.135 3.929426E+0 329111.227 3.937907E+0
 329240.882 3.958893E+0 329327.318 3.987461E+0 329413.755 4.038012E+0
 329478.583 4.100733E+0 329521.802 4.161508E+0 329565.020 4.244902E+0
 329597.434 4.328196E+0 329629.847 4.435967E+0 329662.261 4.576796E+0
 329682.069 4.683865E+0 329700.077 4.799118E+0 329718.085 4.934867E+0
 329736.093 5.095161E+0 329754.100 5.285011E+0 329772.108 5.510458E+0
 329785.614 5.707123E+0 329799.120 5.931150E+0 329812.626 6.186183E+0
 329825.051 6.451426E+0 329836.936 6.735287E+0 329848.820 7.050841E+0
 329860.706 7.399939E+0 329872.590 7.783162E+0 329886.276 8.265480E+0
 329903.563 8.928968E+0 329941.019 1.044511E+1 329955.425 1.097608E+1
 329966.231 1.132089E+1 329977.035 1.160288E+1 329986.975 1.179607E+1
 329996.627 1.191626E+1 330004.695 1.196363E+1 330008.728 1.196918E+1
 330017.912 1.193806E+1 330027.096 1.184969E+1 330036.820 1.170057E+1
 330047.625 1.147865E+1 330062.031 1.111346E+1 330082.560 1.051305E+1
 330116.774 9.476391E+0 330133.702 8.998174E+0 330150.629 8.558218E+0
 330167.556 8.159706E+0 330184.483 7.802341E+0 330202.491 7.464625E+0
 330220.498 7.166696E+0 330238.506 6.904060E+0 330256.513 6.672387E+0
 330279.923 6.410923E+0 330303.333 6.187536E+0 330326.743 5.995628E+0
 330360.958 5.760172E+0 330393.372 5.576818E+0 330425.786 5.423663E+0
 330458.200 5.294454E+0 330501.418 5.151357E+0 330544.636 5.034117E+0
 330609.463 4.894094E+0 330674.291 4.785283E+0 330746.322 4.690406E+0
 330839.962 4.595326E+0 330969.617 4.498899E+0 331142.490 4.409640E+0
 331358.583 4.334518E+0 331661.111 4.266127E+0 332078.889 4.207240E+0
 332727.165 4.152972E+0 333879.654 4.099429E+0 336248.285 4.039043E+0
 342391.612 3.915589E+0 346077.608 3.817158E+0 346259.633 3.815795E+0
 346760.200 3.825643E+0 347078.743 3.853257E+0 347306.274 3.894381E+0
 347488.298 3.950045E+0 347624.816 4.012898E+0 347761.335 4.103139E+0
 347852.347 4.184869E+0 347943.359 4.290345E+0 348011.619 4.389959E+0
 348079.878 4.510584E+0 348148.137 4.659676E+0 348216.396 4.843632E+0
 348261.902 4.990008E+0 348307.408 5.159055E+0 348352.914 5.354453E+0
 348398.421 5.580349E+0 348443.927 5.841271E+0 348489.433 6.141990E+0
 348534.939 6.486982E+0 348580.445 6.880386E+0 348625.951 7.324755E+0
 348671.457 7.819309E+0 348716.963 8.358723E+0 348839.830 9.917793E+0
 348880.785 1.040300E+1 348921.741 1.082685E+1 348952.458 1.108813E+1
 348988.180 1.131732E+1 349012.526 1.142196E+1 349043.016 1.149209E+1
 349058.260 1.150174E+1 349092.389 1.146395E+1 349126.518 1.135118E+1
 349167.474 1.113246E+1 349208.429 1.084416E+1 349276.689 1.026993E+1
 349415.483 9.035044E+0 349490.567 8.433723E+0 349558.827 7.950533E+0
 349627.086 7.528436E+0 349695.345 7.162711E+0 349763.604 6.846763E+0
 349831.863 6.573729E+0 349900.123 6.337224E+0 349991.135 6.069655E+0
 350082.147 5.845417E+0 350173.159 5.656391E+0 350264.172 5.495693E+0
 350400.690 5.296323E+0 350537.208 5.135325E+0 350673.727 5.003193E+0
 350855.751 4.860484E+0 351083.282 4.720947E+0 351356.319 4.592809E+0
 351674.862 4.479430E+0 352084.417 4.370308E+0 352584.984 4.273585E+0
 353092.583 4.204877E+0 353549.047 4.170181E+0 353718.584 4.167104E+0
 354001.145 4.182685E+0 354170.682 4.212397E+0 354340.218 4.268405E+0
 354467.371 4.338212E+0 354552.139 4.404632E+0 354636.908 4.493553E+0
 354700.484 4.579970E+0 354764.060 4.688710E+0 354827.637 4.826532E+0
 354870.021 4.938966E+0 354912.405 5.071912E+0 354954.789 5.229788E+0
 354997.173 5.418180E+0 355039.558 5.642908E+0 355071.346 5.842033E+0
 355103.134 6.071788E+0 355134.922 6.337588E+0 355166.710 6.645876E+0
 355198.498 7.004226E+0 355230.286 7.421439E+0 355251.478 7.737184E+0
 355272.670 8.086762E+0 355293.863 8.473583E+0 355315.055 8.901057E+0
 355336.247 9.372520E+0 355357.439 9.890695E+0 355380.044 1.049785E+1
 355402.649 1.116281E+1 355425.254 1.188443E+1 355457.748 1.301157E+1
 355541.104 1.612149E+1 355569.360 1.708252E+1 355589.917 1.768669E+1
 355609.201 1.815405E+1 355628.486 1.850648E+1 355645.934 1.871489E+1
 355661.192 1.880666E+1 355671.082 1.882091E+1 355686.976 1.877078E+1
 355702.870 1.863519E+1 355720.530 1.839352E+1 355741.722 1.799500E+1
 355769.978 1.732189E+1 355801.767 1.644094E+1 355878.765 1.418205E+1
 355914.791 1.319771E+1 355950.817 1.230124E+1 355982.606 1.158868E+1
 356014.394 1.094882E+1 356046.182 1.037718E+1 356077.970 9.867838E+0
 356109.758 9.414380E+0 356141.547 9.010483E+0 356162.739 8.765836E+0
 356205.123 8.328417E+0 356247.507 7.950890E+0 356289.891 7.624403E+0
 356332.275 7.338841E+0 356374.659 7.088624E+0 356438.236 6.768132E+0
 356501.812 6.500639E+0 356565.388 6.275065E+0 356628.964 6.083049E+0
 356713.733 5.868331E+0 356798.501 5.690576E+0 356883.270 5.541519E+0
 357010.422 5.358882E+0 357165.831 5.184672E+0 357335.368 5.037278E+0
 357504.904 4.921280E+0 357730.954 4.800487E+0 358013.515 4.686293E+0
 358352.589 4.584127E+0 358804.686 4.484424E+0 359440.449 4.384872E+0
 360302.261 4.289777E+0 361785.708 4.171516E+0 363846.003 4.018197E+0
 365165.047 3.899232E+0 365357.608 3.892789E+0 365530.914 3.903027E+0
 365636.822 3.924208E+0 365733.103 3.961479E+0 365805.313 4.007216E+0
 365877.523 4.076407E+0 365925.664 4.141268E+0 365973.804 4.227044E+0
 366021.945 4.341149E+0 366058.050 4.451513E+0 366094.155 4.589769E+0
 366130.260 4.764049E+0 366154.330 4.905332E+0 366177.197 5.061847E+0
 366198.861 5.235168E+0 366220.524 5.437019E+0 366242.187 5.672515E+0
 366263.850 5.947949E+0 366280.097 6.185181E+0 366296.344 6.452694E+0
 366312.592 6.754583E+0 366328.839 7.095325E+0 366345.207 7.482888E+0
 366361.815 7.927026E+0 366378.424 8.428085E+0 366395.033 8.991302E+0
 366411.641 9.621438E+0 366428.249 1.032190E+1 366445.580 1.112792E+1
 366462.910 1.200588E+1 366488.906 1.342977E+1 366526.455 1.555050E+1
 366545.711 1.654887E+1 366560.153 1.720211E+1 366574.595 1.774175E+1
 366588.845 1.813986E+1 366599.244 1.833691E+1 366612.338 1.846803E+1
 366618.885 1.848477E+1 366632.605 1.841813E+1 366646.325 1.822419E+1
 366660.767 1.790135E+1 366676.653 1.743346E+1 366697.834 1.668102E+1
 366765.231 1.400237E+1 366785.450 1.324976E+1 366806.632 1.251819E+1
 366827.814 1.184948E+1 366848.996 1.124368E+1 366870.418 1.069193E+1
 366892.081 1.019154E+1 366913.744 9.743558E+0 366935.407 9.342459E+0
 366957.070 8.982962E+0 366989.565 8.511261E+0 367022.060 8.108973E+0
 367056.962 7.738816E+0 367093.067 7.411751E+0 367129.172 7.131386E+0
 367165.277 6.889344E+0 367201.382 6.678964E+0 367249.523 6.438658E+0
 367297.663 6.235475E+0 367345.803 6.061986E+0 367418.013 5.845391E+0
 367490.224 5.669098E+0 367572.063 5.505814E+0 367629.831 5.408947E+0
 367745.368 5.248552E+0 367860.904 5.122074E+0 368034.210 4.976188E+0
 368207.515 4.866101E+0 368438.588 4.755758E+0 368746.687 4.649741E+0
 369151.065 4.552842E+0 369670.980 4.468139E+0 370393.085 4.390081E+0
 371404.031 4.319463E+0 372944.522 4.251674E+0 375447.818 4.183041E+0
 381351.693 4.064495E+0 382394.443 4.023063E+0 382905.179 3.979806E+0
 383198.851 3.932443E+0 383386.120 3.899636E+0 383430.810 3.906555E+0
 383466.987 3.932963E+0 383488.267 3.967624E+0 383504.228 4.010763E+0
 383520.189 4.077952E+0 383530.829 4.143031E+0 383539.342 4.211850E+0
 383547.854 4.300746E+0 383556.366 4.416460E+0 383562.750 4.526331E+0
 383570.198 4.687068E+0 383575.518 4.828773E+0 383580.838 4.998087E+0
 383586.158 5.200413E+0 383591.479 5.441818E+0 383595.469 5.652255E+0
 383599.459 5.890759E+0 383603.449 6.159513E+0 383607.439 6.459969E+0
 383611.695 6.815662E+0 383615.951 7.205838E+0 383622.335 7.844198E+0
 383634.678 9.130310E+0 383638.934 9.531171E+0 383643.190 9.878365E+0
 383646.297 1.008751E+1 383650.255 1.028979E+1 383653.405 1.039455E+1
 383657.289 1.045231E+1 383658.247 1.045448E+1 383660.641 1.043959E+1
 383664.471 1.035862E+1 383667.983 1.022894E+1 383671.494 1.005478E+1
 383675.963 9.783231E+0 383682.347 9.333829E+0 383696.073 8.318450E+0
 383703.894 7.794456E+0 383709.108 7.481492E+0 383714.375 7.196193E+0
 383719.695 6.938332E+0 383727.675 6.603590E+0 383732.995 6.411099E+0
 383740.975 6.161431E+0 383748.955 5.951088E+0 383756.935 5.772788E+0
 383764.915 5.620615E+0 383775.556 5.450333E+0 383786.196 5.309583E+0
 383802.157 5.140121E+0 383818.118 5.007502E+0 383839.398 4.870873E+0
 383858.019 4.778056E+0 383881.959 4.684389E+0 383913.880 4.590179E+0
 383956.442 4.499898E+0 383999.003 4.435013E+0 384062.845 4.366289E+0
 384130.943 4.315710E+0 384267.139 4.251359E+0 384426.743 4.206829E+0
 384692.751 4.164067E+0 385182.205 4.123524E+0 386288.798 4.080925E+0
 392567.183 3.952040E+0 394098.285 3.899729E+0 394991.429 3.847148E+0
 395561.339 3.790643E+0 395918.596 3.746860E+0 395986.645 3.743766E+0
 396080.212 3.754509E+0 396144.008 3.786111E+0 396186.539 3.831550E+0
 396218.437 3.889200E+0 396239.703 3.945370E+0 396258.310 4.011294E+0
 396274.259 4.084596E+0 396290.208 4.178330E+0 396306.157 4.299117E+0
 396319.448 4.426945E+0 396330.080 4.551724E+0 396340.713 4.701144E+0
 396351.345 4.880375E+0 396361.871 5.093234E+0 396369.686 5.278086E+0
 396377.501 5.489141E+0 396385.316 5.729469E+0 396393.131 6.001980E+0
 396398.341 6.202752E+0 396406.848 6.564788E+0 396415.354 6.969183E+0
 396423.860 7.412818E+0 396437.045 8.157843E+0 396451.079 8.966792E+0
 396459.585 9.420725E+0 396468.091 9.812862E+0 396473.535 1.001891E+1
 396480.680 1.022487E+1 396486.550 1.033379E+1 396491.484 1.038159E+1
 396494.461 1.039116E+1 396500.841 1.036461E+1 396507.220 1.027862E+1
 396515.726 1.008528E+1 396524.232 9.822755E+0 396536.991 9.349597E+0
 396563.360 8.308628E+0 396578.671 7.762786E+0 396588.879 7.437769E+0
 396599.086 7.144821E+0 396609.719 6.872142E+0 396620.351 6.629949E+0
 396636.300 6.316871E+0 396649.059 6.103632E+0 396663.945 5.889767E+0
 396678.831 5.707128E+0 396701.159 5.479685E+0 396722.425 5.303861E+0
 396743.690 5.158655E+0 396775.589 4.983963E+0 396807.487 4.847331E+0
 396828.752 4.772002E+0 396871.282 4.649327E+0 396922.319 4.537746E+0
 396973.355 4.452311E+0 397049.911 4.356588E+0 397126.466 4.286244E+0
 397228.540 4.217047E+0 397398.662 4.138102E+0 397611.315 4.073047E+0
 397928.630 4.008627E+0 398520.415 3.928709E+0 399404.474 3.841088E+0
 399719.584 3.827166E+0 399877.139 3.834963E+0 399982.176 3.852509E+0
 400087.213 3.887713E+0 400165.990 3.933528E+0 400244.767 4.006321E+0
 400297.286 4.077575E+0 400349.804 4.175591E+0 400389.194 4.273364E+0
 400428.582 4.399422E+0 400454.841 4.503776E+0 400478.912 4.617339E+0
 400502.983 4.751680E+0 400527.054 4.910737E+0 400551.125 5.100611E+0
 400573.008 5.306040E+0 400594.890 5.548974E+0 400611.303 5.760412E+0
 400627.714 6.001098E+0 400644.126 6.275474E+0 400660.538 6.588505E+0
 400676.951 6.945754E+0 400693.363 7.353194E+0 400709.775 7.817140E+0
 400726.186 8.343666E+0 400739.644 8.826026E+0 400753.102 9.356652E+0
 400766.560 9.936627E+0 400780.018 1.056500E+1 400797.961 1.147142E+1
 400820.719 1.270491E+1 400852.230 1.443450E+1 400869.736 1.530731E+1
 400882.078 1.584167E+1 400892.844 1.623431E+1 400903.611 1.654612E+1
 400915.602 1.678752E+1 400927.507 1.691069E+1 400934.509 1.692859E+1
 400947.639 1.685713E+1 400960.768 1.665941E+1 400974.336 1.634142E+1
 400988.778 1.590219E+1 401008.034 1.520505E+1 401069.306 1.275698E+1
 401088.782 1.203525E+1 401110.227 1.130549E+1 401131.672 1.064809E+1
 401153.117 1.006161E+1 401174.781 9.536192E+0 401196.664 9.067236E+0
 401218.547 8.653282E+0 401240.429 8.287512E+0 401263.406 7.948456E+0
 401287.477 7.636145E+0 401311.548 7.361577E+0 401347.653 7.007077E+0
 401387.043 6.685147E+0 401426.431 6.416743E+0 401465.820 6.190682E+0
 401505.209 5.998481E+0 401557.727 5.783846E+0 401610.245 5.606443E+0
 401662.763 5.457921E+0 401741.541 5.276297E+0 401829.072 5.117553E+0
 401890.343 5.026157E+0 401995.380 4.897632E+0 402100.417 4.795666E+0
 402257.972 4.677318E+0 402415.527 4.587468E+0 402625.601 4.496850E+0
 402940.711 4.400095E+0 403290.833 4.325156E+0 403798.511 4.250333E+0
 404498.756 4.181640E+0 405636.654 4.109327E+0 407807.370 4.019027E+0
 410822.556 3.902372E+0 412233.436 3.823947E+0 413712.584 3.714742E+0
 413894.633 3.710247E+0 414076.682 3.719140E+0 414213.219 3.743378E+0
 414304.243 3.774544E+0 414395.268 3.825142E+0 414463.536 3.882171E+0
 414531.804 3.963245E+0 414577.317 4.035745E+0 414622.829 4.128056E+0
 414668.341 4.246202E+0 414702.475 4.356582E+0 414736.610 4.490522E+0
 414770.744 4.652977E+0 414804.878 4.852535E+0 414827.634 5.010521E+0
 414850.390 5.192258E+0 414873.146 5.401713E+0 414895.902 5.643518E+0
 414918.659 5.923059E+0 414941.415 6.246472E+0 414958.482 6.521975E+0
 414975.549 6.829235E+0 414992.616 7.171591E+0 415009.683 7.552418E+0
 415026.750 7.974860E+0 415043.817 8.441871E+0 415060.884 8.956029E+0
 415077.951 9.518314E+0 415097.294 1.021271E+1 415116.637 1.096297E+1
 415145.651 1.216847E+1 415189.456 1.402649E+1 415212.212 1.490352E+1
 415229.279 1.547201E+1 415246.346 1.593642E+1 415263.641 1.628051E+1
 415280.026 1.647717E+1 415296.410 1.654501E+1 415311.771 1.649542E+1
 415327.131 1.634527E+1 415343.629 1.608659E+1 415362.403 1.569279E+1
 415387.434 1.505101E+1 415467.081 1.273432E+1 415503.491 1.175230E+1
 415528.523 1.113968E+1 415553.555 1.058138E+1 415578.586 1.007622E+1
 415601.342 9.660452E+0 415635.476 9.107489E+0 415669.610 8.629439E+0
 415703.745 8.215536E+0 415737.879 7.856160E+0 415772.013 7.543723E+0
 415806.147 7.269473E+0 415851.659 6.954139E+0 415897.172 6.686291E+0
 415942.684 6.456970E+0 415988.196 6.259128E+0 416056.465 6.009556E+0
 416124.733 5.804399E+0 416193.001 5.633463E+0 416261.270 5.489307E+0
 416352.294 5.329421E+0 416443.319 5.198105E+0 416579.855 5.040246E+0
 416716.392 4.916398E+0 416898.442 4.788092E+0 417126.003 4.667724E+0
 417399.076 4.561249E+0 417717.662 4.470144E+0 418172.784 4.377233E+0
 418787.200 4.291535E+0 419640.555 4.211980E+0 420868.775 4.135676E+0
 423205.347 4.036939E+0 427099.633 3.895539E+0 427455.682 3.890826E+0
 427856.237 3.900923E+0 428123.273 3.928008E+0 428323.551 3.970157E+0
 428457.070 4.015995E+0 428590.588 4.084104E+0 428690.727 4.156403E+0
 428790.865 4.254516E+0 428874.315 4.363458E+0 428957.764 4.506192E+0
 429013.396 4.625538E+0 429069.029 4.769196E+0 429124.661 4.942415E+0
 429180.294 5.151452E+0 429222.019 5.336034E+0 429262.631 5.542066E+0
 429302.686 5.773820E+0 429342.741 6.036513E+0 429382.797 6.332999E+0
 429422.853 6.664349E+0 429474.035 7.137453E+0 429522.991 7.635444E+0
 429636.482 8.856782E+0 429680.988 9.295189E+0 429714.368 9.580402E+0
 429745.967 9.803425E+0 429775.341 9.962237E+0 429803.825 1.006679E+1
 429832.309 1.012140E+1 429850.111 1.013031E+1 429880.153 1.010336E+1
 429910.195 1.002806E+1 429943.574 9.895737E+0 429983.630 9.683464E+0
 430037.037 9.339294E+0 430190.583 8.248684E+0 430265.131 7.765685E+0
 430320.764 7.442261E+0 430376.397 7.151670E+0 430432.029 6.892425E+0
 430515.478 6.556595E+0 430598.927 6.275513E+0 430682.376 6.039607E+0
 430765.825 5.841137E+0 430860.400 5.651504E+0 430960.539 5.483921E+0
 431060.678 5.343503E+0 431194.196 5.189171E+0 431327.714 5.063642E+0
 431527.992 4.914828E+0 431728.270 4.799879E+0 431995.306 4.682683E+0
 432262.343 4.593691E+0 432618.392 4.503879E+0 433063.454 4.421704E+0
 433686.540 4.340543E+0 434576.662 4.262793E+0 435822.833 4.192121E+0
 437781.103 4.121470E+0 441564.124 4.033196E+0 444623.921 3.961344E+0
 445650.285 3.917442E+0 446185.898 3.873472E+0 446501.909 3.826600E+0
 446863.448 3.739753E+0 446887.550 3.738290E+0 446938.434 3.752991E+0
 446965.214 3.781423E+0 446985.300 3.822034E+0 446998.690 3.864050E+0
 447012.080 3.923932E+0 447025.470 4.009511E+0 447035.513 4.097497E+0
 447045.556 4.213699E+0 447052.251 4.311541E+0 447058.946 4.429878E+0
 447065.642 4.573156E+0 447072.337 4.746548E+0 447077.359 4.899948E+0
 447082.380 5.076305E+0 447085.727 5.207987E+0 447091.619 5.469890E+0
 447097.510 5.773066E+0 447103.402 6.119526E+0 447109.293 6.508249E+0
 447115.721 6.974606E+0 447131.789 8.222094E+0 447137.145 8.608802E+0
 447142.502 8.948727E+0 447146.519 9.161700E+0 447150.964 9.346951E+0
 447155.838 9.482557E+0 447160.712 9.544442E+0 447162.722 9.548709E+0
 447166.069 9.529467E+0 447171.425 9.435687E+0 447177.050 9.266511E+0
 447182.673 9.042630E+0 447192.046 8.596672E+0 447208.917 7.750848E+0
 447218.961 7.296802E+0 447229.003 6.900935E+0 447239.046 6.563179E+0
 447249.089 6.277708E+0 447259.132 6.036883E+0 447268.505 5.845778E+0
 447280.557 5.638964E+0 447292.608 5.467291E+0 447304.659 5.323450E+0
 447317.380 5.195620E+0 447337.465 5.032265E+0 447357.550 4.903906E+0
 447377.636 4.800958E+0 447404.416 4.692265E+0 447441.909 4.578101E+0
 447466.012 4.520918E+0 447514.217 4.432240E+0 447586.525 4.340385E+0
 447658.832 4.277575E+0 447760.599 4.216891E+0 447926.639 4.154496E+0
 448140.884 4.106300E+0 448529.203 4.057255E+0 449238.889 4.011674E+0
 450756.494 3.962844E+0 458018.346 3.811523E+0 460298.929 3.741492E+0
 461715.290 3.675062E+0 463251.682 3.571175E+0 463371.712 3.568550E+0
 463563.761 3.578966E+0 463659.786 3.597363E+0 463755.810 3.632488E+0
 463827.829 3.676568E+0 463899.847 3.744691E+0 463947.859 3.809703E+0
 463995.872 3.896679E+0 464031.881 3.981124E+0 464067.890 4.087344E+0
 464103.899 4.221022E+0 464127.905 4.329035E+0 464151.912 4.455255E+0
 464175.918 4.602773E+0 464199.924 4.775093E+0 464223.930 4.976050E+0
 464248.537 5.215906E+0 464273.743 5.501380E+0 464286.346 5.660512E+0
 464311.552 6.013018E+0 464336.758 6.410953E+0 464361.965 6.850127E+0
 464439.985 8.313489E+0 464462.911 8.694431E+0 464484.757 8.996258E+0
 464500.480 9.165898E+0 464519.205 9.308341E+0 464538.410 9.383750E+0
 464548.012 9.394771E+0 464567.217 9.366402E+0 464586.422 9.277626E+0
 464608.028 9.118517E+0 464629.634 8.912428E+0 464668.043 8.479032E+0
 464740.061 7.628281E+0 464776.071 7.242621E+0 464812.080 6.897419E+0
 464848.089 6.593389E+0 464884.098 6.327775E+0 464920.107 6.096436E+0
 464956.117 5.894932E+0 465004.129 5.665764E+0 465052.141 5.473476E+0
 465100.153 5.310753E+0 465148.166 5.172208E+0 465220.184 5.000136E+0
 465292.202 4.861106E+0 465364.221 4.747015E+0 465460.245 4.623901E+0
 465556.270 4.525376E+0 465700.306 4.410210E+0 465844.343 4.322178E+0
 466036.392 4.232788E+0 466276.454 4.150350E+0 466563.849 4.078283E+0
 467024.494 3.997573E+0 467644.518 3.924837E+0 468574.555 3.852128E+0
 469969.610 3.778886E+0 471674.677 3.719503E+0 472914.726 3.699159E+0
 473069.732 3.698839E+0 473922.265 3.711594E+0 474542.290 3.744124E+0
 475007.308 3.789777E+0 475394.823 3.848348E+0 475704.835 3.914583E+0
 476014.848 4.003942E+0 476247.357 4.091653E+0 476479.866 4.199319E+0
 476712.375 4.335310E+0 476944.884 4.506208E+0 477099.890 4.644038E+0
 477254.896 4.804917E+0 477409.902 4.992892E+0 477564.909 5.212701E+0
 477719.915 5.469827E+0 477836.170 5.691579E+0 477952.424 5.939393E+0
 478068.679 6.219238E+0 478184.933 6.531161E+0 478301.188 6.881863E+0
 478401.942 7.215928E+0 478525.947 7.672265E+0 478649.952 8.178695E+0
 478773.957 8.735547E+0 478897.961 9.340504E+0 479083.968 1.032380E+1
 479455.983 1.238513E+1 479579.988 1.301755E+1 479703.993 1.357749E+1
 479827.998 1.404125E+1 479917.901 1.430906E+1 480014.005 1.452992E+1
 480138.010 1.473136E+1 480316.267 1.497801E+1 480397.645 1.518285E+1
 480451.897 1.541654E+1 480494.524 1.568810E+1 480541.026 1.610476E+1
 480572.027 1.646735E+1 480603.028 1.689765E+1 480705.338 1.852935E+1
 480732.135 1.886405E+1 480751.880 1.903919E+1 480773.506 1.914677E+1
 480787.610 1.916652E+1 480808.766 1.912247E+1 480829.921 1.899707E+1
 480855.778 1.875219E+1 480881.634 1.843320E+1 481001.516 1.667012E+1
 481053.230 1.597547E+1 481108.469 1.532277E+1 481167.234 1.472154E+1
 481225.999 1.419992E+1 481314.147 1.353211E+1 481402.296 1.296568E+1
 481490.443 1.247271E+1 481607.974 1.189920E+1 481725.505 1.139761E+1
 481843.035 1.095154E+1 482019.331 1.036466E+1 482160.368 9.952325E+0
 482301.404 9.582309E+0 482442.441 9.249031E+0 482630.490 8.852504E+0
 482818.539 8.503239E+0 483006.588 8.194061E+0 483288.662 7.792958E+0
 483570.735 7.453481E+0 483852.809 7.164510E+0 484158.389 6.895092E+0
 484510.980 6.632261E+0 484922.338 6.376345E+0 485392.460 6.134985E+0
 485921.348 5.913242E+0 486509.001 5.714090E+0 487096.654 5.550350E+0
 487801.838 5.390639E+0 488624.553 5.241291E+0 489682.328 5.090242E+0
 489960.291 5.057667E+0 489975.183 5.073732E+0 489982.628 5.109054E+0
 489990.073 5.179060E+0 490000.000 5.320643E+0 490010.128 5.464959E+0
 490016.879 5.529668E+0 490023.630 5.565421E+0 490033.756 5.584463E+0
 625633.701 5.951135E+0 760581.188 6.282125E+0 900000.000 6.582999E+0
 1014108.25 6.788951E+0 1200000.00 7.064977E+0 1419751.55 6.802866E+0
 1600000.00 6.536997E+0 1769559.33 6.241461E+0 1850789.70 6.091935E+0
 2028216.50 5.758310E+0 2156805.13 5.500674E+0 2200000.00 5.417995E+0
 2330243.35 5.123671E+0 2433859.80 4.898771E+0 2533241.60 4.678720E+0
 2600000.00 4.538986E+0 2698147.51 4.225691E+0 2800000.00 3.934018E+0
 2939164.94 3.735468E+0 3122499.00 3.496656E+0 3250000.00 3.347002E+0
 3420267.06 3.169567E+0 3622844.19 2.976895E+0 3750000.00 2.867002E+0
 3927624.37 2.733829E+0 4000000.00 2.682001E+0 4250000.00 2.525002E+0
 4500000.00 2.399002E+0 4750000.00 2.296002E+0 5000000.00 2.216002E+0
 5500000.00 2.105002E+0 6000000.00 2.048002E+0 6500000.00 2.031001E+0
 7000000.00 2.049001E+0 7500000.00 2.093001E+0 8000000.00 2.157001E+0
 8739840.25 2.273813E+0 10000000.0 2.480999E+0 11000000.0 2.621999E+0
 12000000.0 2.726999E+0 13000000.0 2.793999E+0 14000000.0 2.823999E+0
 15000000.0 2.821999E+0 16000000.0 2.790999E+0 17000000.0 2.736999E+0
 18000000.0 2.666000E+0 19268056.8 2.555535E+0 20000000.0 2.486003E+0
