 1.000000E-5 1.333566E+1 1.102400E-5 1.270121E+1 1.215040E-5 1.209814E+1
 1.339460E-5 1.152258E+1 1.476330E-5 1.097546E+1 1.627500E-5 1.045332E+1
 1.793810E-5 9.956957E+0 1.977490E-5 9.483255E+0 2.179560E-5 9.032971E+0
 2.402740E-5 8.603223E+0 2.648260E-5 8.194728E+0 2.919430E-5 7.804866E+0
 3.217750E-5 7.434274E+0 3.547230E-5 7.080596E+0 3.909700E-5 6.744387E+0
 4.310050E-5 6.423523E+0 4.750460E-5 6.118521E+0 5.236900E-5 5.827432E+0
 5.772020E-5 5.550734E+0 6.363060E-5 5.286658E+0 7.013260E-5 5.035635E+0
 7.731390E-5 4.796068E+0 8.521420E-5 4.568337E+0 9.393980E-5 4.351001E+0
 1.035390E-4 4.144404E+0 1.141410E-4 3.947235E+0 1.258040E-4 3.759810E+0
 1.386860E-4 3.580943E+0 1.528580E-4 3.410905E+0 1.685100E-4 3.248633E+0
 1.857290E-4 3.094378E+0 2.047470E-4 2.947164E+0 2.256690E-4 2.807225E+0
 2.487770E-4 2.673669E+0 2.741980E-4 2.546717E+0 3.022750E-4 2.425556E+0
 3.331620E-4 2.310385E+0 3.672770E-4 2.200468E+0 4.048070E-4 2.095983E+0
 4.462580E-4 1.996265E+0 4.918580E-4 1.901477E+0 5.422230E-4 1.811012E+0
 5.976290E-4 1.725020E+0 6.588240E-4 1.642951E+0 7.261450E-4 1.564937E+0
 8.005010E-4 1.490484E+0 8.822990E-4 1.419710E+0 9.726430E-4 1.352166E+0
 1.072032E-3 1.287959E+0 1.181804E-3 1.226683E+0 1.302565E-3 1.168434E+0
 1.435944E-3 1.112843E+0 1.582674E-3 1.060000E+0 1.744735E-3 1.009568E+0
 1.923019E-3 9.616275E-1 2.119930E-3 9.158750E-1 2.336552E-3 8.723833E-1
 2.575808E-3 8.308764E-1 2.839014E-3 7.914203E-1 3.129720E-3 7.537648E-1
 3.449526E-3 7.179702E-1 3.802747E-3 6.838093E-1 4.191326E-3 6.513376E-1
 4.620505E-3 6.203490E-1 5.092645E-3 5.908948E-1 5.614117E-3 5.627895E-1
 6.187788E-3 5.360799E-1 6.821398E-3 5.105957E-1 7.518434E-3 4.863744E-1
 8.288299E-3 4.632547E-1 9.135227E-3 4.412674E-1 1.007065E-2 4.202697E-1
 1.109970E-2 4.002988E-1 1.223628E-2 3.812377E-1 1.348663E-2 3.631327E-1
 1.486762E-2 3.458587E-1 1.638684E-2 3.294424E-1 1.806481E-2 3.137669E-1
 1.991073E-2 2.988528E-1 2.194953E-2 2.846126E-1 2.419242E-2 2.710780E-1
 2.508752E-2 2.661913E-1 2.530000E-2 2.650696E-1 2.789064E-2 2.524412E-1
 3.074061E-2 2.404379E-1 3.388836E-2 2.289939E-1 3.735119E-2 2.181304E-1
 4.117584E-2 2.077524E-1 4.538334E-2 1.978643E-1 5.003046E-2 1.884200E-1
 5.514275E-2 1.794437E-1 6.078921E-2 1.708799E-1 6.700087E-2 1.627529E-1
 7.386156E-2 1.550197E-1 8.140900E-2 1.476453E-1 8.974504E-2 1.405866E-1
 9.891551E-2 1.338764E-1 0.10904416 1.274736E-1 0.12018669 1.213879E-1
 0.13249345 1.155806E-1 0.14603211 1.100769E-1 0.16098536 1.048327E-1
 0.17743543 9.981511E-2 0.19560428 9.502498E-2 0.21559184 9.047174E-2
 0.23766780 8.612590E-2 0.26195356 8.199407E-2 0.28877682 7.805192E-2
 0.31828508 7.433221E-2 0.35087652 7.074504E-2 0.38673036 6.733260E-2
 0.42633038 6.407502E-2 0.46989437 6.097829E-2 0.51801015 5.802035E-2
 0.57094231 5.521128E-2 0.63816136 5.216786E-2 0.70350716 4.961908E-2
 0.77539408 4.719553E-2 0.85479211 4.488139E-2 0.94213788 4.267417E-2
 1.03860997 4.056803E-2 1.14473891 3.856088E-2 1.26195674 3.664825E-2
 1.41053135 3.457225E-2 1.53333289 3.307890E-2 1.66682558 3.164567E-2
 1.81194021 3.026795E-2 1.99709085 2.872434E-2 2.20158696 2.725299E-2
 2.42655313 2.584788E-2 2.71223977 2.432148E-2 3.03156130 2.286719E-2
 3.29549048 2.182441E-2 3.58239745 2.082102E-2 3.89428269 1.985207E-2
 4.29304555 1.876680E-2 4.66680014 1.787412E-2 5.07309399 1.702395E-2
 5.51475998 1.619141E-2 5.99487762 1.539259E-2 6.51679453 1.462461E-2
 7.08414977 1.388535E-2 7.59376451 1.328869E-2 8.14161531 1.270864E-2
 8.85042823 1.203373E-2 9.62095074 1.138757E-2 10.4585553 1.076149E-2
 11.2109157 1.026642E-2 12.0197253 9.773823E-3 13.0661683 9.208786E-3
 14.0061134 8.753050E-3 15.0165820 8.311496E-3 16.0968346 7.885705E-3
 17.2581379 7.472282E-3 18.4996421 7.072319E-3 19.8342955 6.684204E-3
 21.2611216 6.313061E-3 22.7950014 5.951238E-3 24.4348127 5.605254E-3
 25.8331968 5.337244E-3 27.6969282 5.011989E-3 29.6893710 4.700886E-3
 31.7564159 4.411637E-3 34.0408873 4.125992E-3 35.9890191 3.904924E-3
 38.0486408 3.691975E-3 40.2261330 3.486893E-3 41.9447074 3.337262E-3
 44.3451683 3.145821E-3 46.8034117 2.966900E-3 49.4000925 2.794515E-3
 52.0460122 2.636024E-3 55.0245623 2.472949E-3 58.0483609 2.323879E-3
 61.3704205 2.175054E-3 64.5562696 2.046525E-3 66.9703992 1.956455E-3
 70.8030596 1.826306E-3 74.8550600 1.702475E-3 78.9432219 1.590390E-3
 82.8891180 1.492822E-3 86.8350141 1.404300E-3 90.7809102 1.323728E-3
 94.7268063 1.250176E-3 98.7738041 1.181206E-3 102.618599 1.121054E-3
 107.002757 1.058297E-3 112.069499 9.925800E-4 117.618496 9.273660E-4
 123.460660 8.659910E-4 128.710334 8.162300E-4 134.185768 7.688230E-4
 139.918564 7.242250E-4 145.868045 6.819170E-4 151.942300 6.430880E-4
 157.861144 6.084170E-4 163.779989 5.770360E-4 170.429905 5.452000E-4
 173.644729 5.302680E-4 181.536521 4.974380E-4 189.428313 4.680380E-4
 197.320106 4.416230E-4 205.211898 4.178160E-4 213.103690 3.963000E-4
 222.208084 3.740560E-4 228.887274 3.590960E-4 238.665987 3.394410E-4
 244.670858 3.282760E-4 255.123891 3.108350E-4 267.159127 2.929580E-4
 275.918027 2.813450E-4 287.706027 2.674600E-4 299.913404 2.546470E-4
 311.751092 2.438130E-4 323.588781 2.341150E-4 331.480573 2.283190E-4
 347.264157 2.180540E-4 363.047741 2.093550E-4 378.831325 2.020220E-4
 394.614910 1.958940E-4 410.398494 1.908390E-4 426.182079 1.867520E-4
 441.965663 1.835530E-4 457.749248 1.811790E-4 477.305594 1.793750E-4
 497.208208 1.785890E-4 499.181156 1.785800E-4 517.487500 1.790520E-4
 536.068750 1.805920E-4 554.650000 1.830880E-4 573.231250 1.868190E-4
 591.812500 1.916540E-4 604.200000 1.956630E-4 616.587500 2.003310E-4
 628.975000 2.057180E-4 641.362500 2.119030E-4 653.750000 2.189790E-4
 666.137500 2.270560E-4 678.525000 2.362730E-4 690.912500 2.467920E-4
 703.300000 2.588140E-4 715.687500 2.725860E-4 728.075000 2.884020E-4
 737.365625 3.018940E-4 746.656250 3.168320E-4 752.850000 3.278230E-4
 762.760000 3.472640E-4 772.670000 3.693140E-4 781.328863 3.912110E-4
 784.215150 3.989760E-4 792.490000 4.233550E-4 799.922500 4.479690E-4
 807.751400 4.768450E-4 814.985700 5.069350E-4 822.220000 5.407210E-4
 828.711050 5.747200E-4 835.375525 6.138110E-4 840.373882 6.464290E-4
 847.391400 6.975810E-4 851.553600 7.313690E-4 855.715800 7.681050E-4
 859.878000 8.081200E-4 864.040200 8.518090E-4 867.905100 8.960790E-4
 873.008750 9.607360E-4 876.725000 1.012822E-3 881.258825 1.083616E-3
 884.423832 1.137690E-3 887.731294 1.198593E-3 891.862525 1.282933E-3
 895.510644 1.365913E-3 899.022500 1.454276E-3 902.701588 1.557348E-3
 905.330835 1.637988E-3 908.136604 1.731992E-3 910.762754 1.828063E-3
 914.432550 1.977208E-3 917.015344 2.093841E-3 919.598138 2.221870E-3
 921.953312 2.350349E-3 924.308485 2.489940E-3 926.659013 2.643052E-3
 929.000250 2.810690E-3 931.341488 2.995442E-3 933.633175 3.195146E-3
 935.900088 3.413881E-3 938.167000 3.656386E-3 940.396750 3.921972E-3
 941.883250 4.116669E-3 944.113000 4.437392E-3 945.971125 4.734797E-3
 947.829250 5.064992E-3 949.687375 5.429618E-3 951.545500 5.837870E-3
 953.403625 6.295122E-3 954.642375 6.631151E-3 955.881125 6.995408E-3
 957.119875 7.391152E-3 958.358625 7.822130E-3 959.597375 8.292661E-3
 960.836125 8.807746E-3 962.074875 9.373212E-3 963.313625 9.995862E-3
 964.552375 1.068369E-2 965.791125 1.144615E-2 967.029875 1.229445E-2
 967.958938 1.299500E-2 968.888000 1.375782E-2 969.770610 1.454607E-2
 970.653219 1.540460E-2 971.535829 1.634386E-2 972.418438 1.737299E-2
 973.301047 1.850356E-2 974.183657 1.974934E-2 975.066266 2.112603E-2
 975.948875 2.265103E-2 976.831485 2.434974E-2 977.714094 2.625083E-2
 978.302500 2.764589E-2 979.138657 2.982950E-2 979.696094 3.143334E-2
 980.253532 3.317108E-2 980.810969 3.505809E-2 981.368407 3.711200E-2
 981.925844 3.935313E-2 982.483282 4.180501E-2 982.978782 4.418338E-2
 983.629125 4.762802E-2 984.062688 5.015467E-2 984.496250 5.288915E-2
 984.929813 5.585494E-2 985.363375 5.907890E-2 985.796938 6.259174E-2
 986.230500 6.642802E-2 986.741485 7.141822E-2 987.252469 7.699077E-2
 987.593125 8.107876E-2 987.933782 8.550607E-2 988.274438 9.031162E-2
 988.615094 9.553863E-2 988.955750 1.012367E-1 989.373829 1.089595E-1
 989.791907 1.176069E-1 990.070625 1.239604E-1 990.349344 1.308463E-1
 990.628063 1.383263E-1 990.906782 1.464710E-1 991.185500 1.553620E-1
 991.510673 1.668050E-1 991.835844 1.795701E-1 992.161016 1.938703E-1
 992.377798 2.043811E-1 992.594579 2.157762E-1 992.811360 2.281576E-1
 993.012657 2.406400E-1 993.291375 2.596989E-1 993.477188 2.737016E-1
 993.663000 2.888794E-1 993.848813 3.053709E-1 994.034625 3.233350E-1
 994.220438 3.429555E-1 994.406250 3.644448E-1 994.561094 3.839578E-1
 994.715938 4.051057E-1 994.870782 4.280783E-1 995.025625 4.530942E-1
 995.180469 4.804071E-1 995.335313 5.103114E-1 995.490157 5.431516E-1
 995.645000 5.793323E-1 995.768875 6.110012E-1 995.892750 6.453991E-1
 996.016625 6.828564E-1 996.140500 7.237566E-1 996.264375 7.685475E-1
 996.388250 8.177544E-1 996.512125 8.719983E-1 996.636000 9.320183E-1
 996.728907 9.813514E-1 996.821813 1.034869E+0 996.914719 1.093085E+0
 997.007625 1.156596E+0 997.100532 1.226108E+0 997.193438 1.302455E+0
 997.286344 1.386638E+0 997.379250 1.479866E+0 997.459769 1.569114E+0
 997.540288 1.667431E+0 997.620807 1.776233E+0 997.701325 1.897251E+0
 997.781844 2.032624E+0 997.842234 2.145145E+0 997.902623 2.268566E+0
 997.963012 2.404490E+0 998.023400 2.554813E+0 998.085338 2.726317E+0
 998.147275 2.918227E+0 998.193729 3.077603E+0 998.240182 3.252060E+0
 998.286635 3.443513E+0 998.333088 3.654125E+0 998.379541 3.886340E+0
 998.425994 4.142908E+0 998.472448 4.426918E+0 998.518900 4.741791E+0
 998.556063 5.018483E+0 998.593225 5.319506E+0 998.630388 5.647184E+0
 998.667550 6.003979E+0 998.704713 6.392565E+0 998.741875 6.815743E+0
 998.779038 7.276530E+0 998.816200 7.778049E+0 998.853363 8.323627E+0
 998.890525 8.916665E+0 998.915300 9.340149E+0 998.958657 1.013905E+1
 999.002013 1.101648E+1 999.045369 1.197835E+1 999.088725 1.303049E+1
 999.132082 1.417862E+1 999.175438 1.542811E+1 999.218794 1.678401E+1
 999.262150 1.825082E+1 999.313249 2.012709E+1 999.364348 2.216730E+1
 999.415446 2.437402E+1 999.466544 2.674748E+1 999.517643 2.928514E+1
 999.562547 3.164618E+1 999.618291 3.473811E+1 999.674035 3.799280E+1
 999.757650 4.313082E+1 999.900107 5.232400E+1 1000.02398 6.032562E+1
 1000.11689 6.600097E+1 1000.17883 6.949657E+1 1000.24077 7.267929E+1
 1000.30270 7.548153E+1 1000.37207 7.809376E+1 1000.42162 7.957916E+1
 1000.47117 8.072209E+1 1000.52072 8.150541E+1 1000.58390 8.196442E+1
 1000.60000 8.198320E+1 1000.64460 8.182634E+1 1000.69415 8.129467E+1
 1000.75856 8.005508E+1 1000.80935 7.865947E+1 1000.86014 7.691859E+1
 1000.91589 7.464216E+1 1000.97163 7.202384E+1 1001.03357 6.876898E+1
 1001.09550 6.521717E+1 1001.20699 5.829988E+1 1001.41758 4.465283E+1
 1001.50120 3.944334E+1 1001.55694 3.612698E+1 1001.61268 3.296448E+1
 1001.67152 2.981348E+1 1001.71798 2.747157E+1 1001.76443 2.526458E+1
 1001.81089 2.319426E+1 1001.85734 2.126220E+1 1001.88830 2.005051E+1
 1001.93166 1.845431E+1 1001.97502 1.697309E+1 1002.01838 1.560319E+1
 1002.06173 1.434047E+1 1002.10509 1.317940E+1 1002.14844 1.211514E+1
 1002.19180 1.114157E+1 1002.23515 1.025333E+1 1002.27232 9.555023E+0
 1002.30948 8.911455E+0 1002.34664 8.318812E+0 1002.38380 7.773562E+0
 1002.42097 7.272156E+0 1002.45813 6.811574E+0 1002.49529 6.388535E+0
 1002.53245 6.000054E+0 1002.56962 5.643225E+0 1002.60678 5.315591E+0
 1002.64704 4.990598E+0 1002.69349 4.650663E+0 1002.73995 4.344285E+0
 1002.78640 4.067886E+0 1002.83286 3.818007E+0 1002.87930 3.591815E+0
 1002.92576 3.386454E+0 1002.97221 3.199699E+0 1003.01867 3.029377E+0
 1003.06512 2.873713E+0 1003.12705 2.686132E+0 1003.18744 2.522307E+0
 1003.24783 2.374716E+0 1003.30822 2.241174E+0 1003.36861 2.119838E+0
 1003.42900 2.009154E+0 1003.48939 1.907807E+0 1003.56991 1.785304E+0
 1003.65043 1.675251E+0 1003.73095 1.575872E+0 1003.82075 1.475859E+0
 1003.91985 1.376843E+0 1004.01895 1.288022E+0 1004.11805 1.207953E+0
 1004.21715 1.135459E+0 1004.31625 1.069564E+0 1004.41535 1.009454E+0
 1004.51445 9.544424E-1 1004.62594 8.979267E-1 1004.74982 8.409863E-1
 1004.87369 7.894360E-1 1004.99757 7.425908E-1 1005.12144 6.998877E-1
 1005.24532 6.608355E-1 1005.36919 6.250266E-1 1005.49307 5.920998E-1
 1005.62468 5.599363E-1 1005.76404 5.286979E-1 1005.90340 5.000403E-1
 1006.04276 4.736831E-1 1006.18212 4.493835E-1 1006.39116 4.163378E-1
 1006.60020 3.868492E-1 1006.77053 3.651038E-1 1006.97183 3.417137E-1
 1007.17313 3.205239E-1 1007.37443 3.012633E-1 1007.57572 2.837017E-1
 1007.77702 2.676404E-1 1007.97831 2.529120E-1 1008.17961 2.393704E-1
 1008.38865 2.264311E-1 1008.60543 2.140936E-1 1008.82221 2.027411E-1
 1009.03899 1.922714E-1 1009.36416 1.780300E-1 1009.68933 1.653197E-1
 1010.01450 1.539280E-1 1010.29322 1.450782E-1 1010.57194 1.369724E-1
 1010.85066 1.295291E-1 1011.12938 1.226780E-1 1011.40810 1.163575E-1
 1011.82618 1.077566E-1 1012.24425 1.000772E-1 1012.58491 9.441200E-2
 1012.92557 8.921611E-2 1013.26623 8.444002E-2 1013.60688 8.004069E-2
 1013.94754 7.597904E-2 1014.45852 7.044368E-2 1014.96950 6.548823E-2
 1015.40307 6.167949E-2 1015.83663 5.819270E-2 1016.27019 5.499331E-2
 1016.70375 5.205077E-2 1017.13732 4.933827E-2 1017.57088 4.683252E-2
 1018.22122 4.341732E-2 1018.71672 4.105994E-2 1019.27416 3.863034E-2
 1019.83160 3.641020E-2 1020.38904 3.437610E-2 1020.94647 3.250785E-2
 1021.50391 3.078784E-2 1022.06135 2.920081E-2 1022.89750 2.704087E-2
 1023.48591 2.566141E-2 1024.36853 2.378228E-2 1025.25113 2.210396E-2
 1026.13374 2.059789E-2 1027.01635 1.923895E-2 1027.89896 1.800976E-2
 1028.78157 1.689474E-2 1029.66418 1.588021E-2 1030.54679 1.495472E-2
 1031.42940 1.410910E-2 1032.31200 1.333309E-2 1033.24107 1.258245E-2
 1034.17013 1.189342E-2 1035.40888 1.105950E-2 1036.64763 1.031045E-2
 1037.87380 9.641639E-3 1039.08739 9.041436E-3 1040.30098 8.496318E-3
 1041.51457 8.001680E-3 1042.83945 7.507184E-3 1044.27563 7.021107E-3
 1045.71180 6.580944E-3 1047.14798 6.181092E-3 1048.58415 5.816788E-3
 1050.02033 5.483943E-3 1051.45651 5.179043E-3 1052.89269 4.899051E-3
 1054.32886 4.641333E-3 1055.76504 4.403588E-3 1057.91930 4.080073E-3
 1060.07356 3.791326E-3 1062.22783 3.532452E-3 1064.38210 3.299559E-3
 1066.53636 3.089223E-3 1068.69062 2.898691E-3 1070.84488 2.725505E-3
 1072.99915 2.567675E-3 1075.15341 2.423403E-3 1077.30767 2.291221E-3
 1079.46193 2.170136E-3 1082.33428 2.023345E-3 1085.20664 1.891010E-3
 1088.07899 1.771607E-3 1090.95134 1.663513E-3 1093.82369 1.565349E-3
 1096.69604 1.475940E-3 1099.56839 1.394282E-3 1102.44074 1.319508E-3
 1105.31309 1.250870E-3 1108.18545 1.187719E-3 1111.05780 1.129489E-3
 1113.93015 1.075686E-3 1118.23868 1.002469E-3 1122.54720 9.367480E-4
 1126.85573 8.779380E-4 1131.16426 8.247700E-4 1135.47279 7.768530E-4
 1139.78131 7.332630E-4 1144.08985 6.937310E-4 1147.68029 6.634020E-4
 1154.14307 6.142920E-4 1159.88778 5.756050E-4 1165.63248 5.409910E-4
 1171.37718 5.099090E-4 1177.12188 4.819050E-4 1182.86659 4.565970E-4
 1188.61129 4.336570E-4 1194.35599 4.128090E-4 1200.10069 3.938170E-4
 1205.84540 3.764730E-4 1211.59010 3.606010E-4 1217.33480 3.460470E-4
 1225.95186 3.264780E-4 1234.56891 3.090370E-4 1243.18597 2.936980E-4
 1251.80303 2.799470E-4 1260.42008 2.677820E-4 1269.03713 2.568400E-4
 1280.52654 2.440600E-4 1292.01594 2.329960E-4 1303.50535 2.234130E-4
 1314.99475 2.151090E-4 1326.48416 2.079170E-4 1337.97357 2.016980E-4
 1349.46298 1.963370E-4 1360.95238 1.917400E-4 1372.44179 1.878240E-4
 1389.67590 1.831410E-4 1406.91000 1.795590E-4 1426.73000 1.768050E-4
 1446.55000 1.752880E-4 1463.67608 1.748860E-4 1483.71152 1.754600E-4
 1500.05125 1.767070E-4 1509.71250 1.776210E-4 1529.03500 1.803370E-4
 1548.35750 1.839720E-4 1567.68000 1.885480E-4 1587.00250 1.941030E-4
 1606.32500 2.006990E-4 1625.64750 2.084170E-4 1644.97000 2.173640E-4
 1664.29250 2.276730E-4 1683.61500 2.395120E-4 1702.93750 2.530810E-4
 1717.42938 2.645990E-4 1731.92125 2.772760E-4 1746.41313 2.914720E-4
 1760.90500 3.071270E-4 1775.39688 3.247300E-4 1789.88875 3.442250E-4
 1803.41450 3.646770E-4 1815.00800 3.839590E-4 1826.60150 4.053340E-4
 1839.47029 4.314980E-4 1851.70143 4.593860E-4 1861.38200 4.836520E-4
 1872.97550 5.159730E-4 1881.01366 5.405390E-4 1885.18732 5.538870E-4
 1896.47166 5.933830E-4 1904.93492 6.262490E-4 1912.81850 6.600370E-4
 1920.47987 6.948830E-4 1928.27650 7.339890E-4 1936.07313 7.770070E-4
 1942.84566 8.180910E-4 1947.01932 8.444140E-4 1953.51168 8.889640E-4
 1960.00404 9.374220E-4 1966.49640 9.902250E-4 1972.98876 1.047898E-3
 1979.01738 1.106360E-3 1986.97825 1.191789E-3 1992.77500 1.260621E-3
 1997.48969 1.321851E-3 2002.20438 1.387139E-3 2007.36349 1.464968E-3
 2012.52260 1.549390E-3 2018.31935 1.653999E-3 2023.90355 1.765436E-3
 2029.46843 1.888827E-3 2035.20721 2.029965E-3 2039.58376 2.149151E-3
 2043.96031 2.279389E-3 2047.77650 2.403955E-3 2051.59269 2.537918E-3
 2055.62144 2.692643E-3 2059.65018 2.862483E-3 2062.92534 3.013593E-3
 2066.20050 3.176449E-3 2069.44668 3.351626E-3 2072.69286 3.542163E-3
 2075.93904 3.749751E-3 2079.18522 3.976459E-3 2082.72124 4.248140E-3
 2086.25726 4.549187E-3 2089.77395 4.880704E-3 2093.25200 5.247189E-3
 2095.57070 5.517070E-3 2098.85553 5.932233E-3 2101.75390 6.343381E-3
 2104.65228 6.795158E-3 2107.55065 7.299257E-3 2110.44903 7.862931E-3
 2112.38128 8.276187E-3 2114.31353 8.723242E-3 2116.24578 9.207892E-3
 2118.17803 9.734485E-3 2120.11028 1.030801E-2 2122.04253 1.093423E-2
 2123.97478 1.161979E-2 2125.90703 1.237248E-2 2127.83928 1.320136E-2
 2129.77153 1.411708E-2 2131.70378 1.513222E-2 2133.63603 1.626176E-2
 2135.08522 1.719461E-2 2136.53440 1.821048E-2 2137.91113 1.926023E-2
 2139.28786 2.040358E-2 2140.66459 2.165461E-2 2142.04132 2.302538E-2
 2143.41805 2.453132E-2 2144.69816 2.606890E-2 2145.92998 2.768949E-2
 2147.16178 2.946441E-2 2148.39359 3.141586E-2 2149.62540 3.357185E-2
 2150.88136 3.600901E-2 2152.18563 3.883334E-2 2153.05514 4.090578E-2
 2153.92465 4.314942E-2 2154.79417 4.558369E-2 2155.66368 4.823080E-2
 2156.53319 5.111638E-2 2157.40270 5.427001E-2 2158.41714 5.833417E-2
 2159.43157 6.287454E-2 2160.10785 6.620367E-2 2160.78414 6.980555E-2
 2161.46043 7.371081E-2 2162.13672 7.795456E-2 2162.81300 8.257688E-2
 2163.68252 8.915005E-2 2164.26219 9.397548E-2 2164.84187 9.920058E-2
 2165.42154 1.048738E-1 2166.00122 1.110537E-1 2166.58089 1.178044E-1
 2167.16057 1.251971E-1 2167.66778 1.322560E-1 2168.31992 1.422493E-1
 2168.97206 1.534253E-1 2169.40681 1.616275E-1 2169.84157 1.705089E-1
 2170.27632 1.801467E-1 2170.71108 1.906300E-1 2171.12168 2.013988E-1
 2171.50813 2.123949E-1 2171.89458 2.243222E-1 2172.28103 2.372893E-1
 2172.66748 2.514214E-1 2173.05393 2.668629E-1 2173.44038 2.837810E-1
 2173.82683 3.023700E-1 2174.16497 3.201834E-1 2174.59973 3.455091E-1
 2174.88957 3.641085E-1 2175.17940 3.842602E-1 2175.46924 4.061470E-1
 2175.75908 4.299779E-1 2176.04892 4.559951E-1 2176.33875 4.844783E-1
 2176.58029 5.103342E-1 2176.82182 5.383452E-1 2177.06335 5.687613E-1
 2177.30488 6.018684E-1 2177.54641 6.379972E-1 2177.78794 6.775317E-1
 2178.02947 7.209200E-1 2178.27100 7.686880E-1 2178.46423 8.104706E-1
 2178.65745 8.558192E-1 2178.85068 9.051651E-1 2179.04390 9.589969E-1
 2179.23713 1.017895E+0 2179.43035 1.082526E+0 2179.62358 1.153687E+0
 2179.81680 1.232311E+0 2179.96172 1.296846E+0 2180.10664 1.366760E+0
 2180.25156 1.442694E+0 2180.39648 1.525390E+0 2180.54140 1.615719E+0
 2180.68632 1.714701E+0 2180.83124 1.823549E+0 2180.97615 1.943706E+0
 2181.10175 2.058350E+0 2181.22735 2.184177E+0 2181.35295 2.322831E+0
 2181.47854 2.476291E+0 2181.60414 2.647013E+0 2181.69834 2.788151E+0
 2181.79253 2.942169E+0 2181.88673 3.110900E+0 2181.98092 3.296444E+0
 2182.08237 3.518040E+0 2182.18381 3.765900E+0 2182.28526 4.044684E+0
 2182.35289 4.250405E+0 2182.42052 4.474240E+0 2182.48814 4.718338E+0
 2182.55094 4.965364E+0 2182.63789 5.343971E+0 2182.69586 5.622962E+0
 2182.75382 5.925749E+0 2182.82145 6.312510E+0 2182.88908 6.739453E+0
 2182.95611 7.206994E+0 2183.02555 7.743479E+0 2183.09681 8.355734E+0
 2183.16926 9.049926E+0 2183.21757 9.557158E+0 2183.28640 1.034721E+1
 2183.34799 1.112735E+1 2183.40958 1.198311E+1 2183.47842 1.303711E+1
 2183.52673 1.384312E+1 2183.57504 1.470766E+1 2183.62334 1.563391E+1
 2183.67165 1.662565E+1 2183.71995 1.768583E+1 2183.76826 1.881823E+1
 2183.84072 2.065877E+1 2183.91318 2.267891E+1 2183.98564 2.488804E+1
 2184.05810 2.729419E+1 2184.13056 2.990366E+1 2184.20301 3.272019E+1
 2184.27548 3.574657E+1 2184.34794 3.898019E+1 2184.42040 4.241669E+1
 2184.51701 4.729882E+1 2184.61362 5.249461E+1 2184.73439 5.936089E+1
 2184.92761 7.090814E+1 2185.12084 8.255531E+1 2185.26575 9.086380E+1
 2185.36236 9.598996E+1 2185.44931 1.002114E+2 2185.53626 1.039793E+2
 2185.62128 1.071549E+2 2185.70630 1.097663E+2 2185.79905 1.119120E+2
 2185.86861 1.130097E+2 2185.94590 1.136947E+2 2185.99962 1.138333E+2
 2186.06183 1.136458E+2 2186.13912 1.128964E+2 2186.23187 1.112593E+2
 2186.30916 1.093071E+2 2186.38645 1.068539E+2 2186.47341 1.035445E+2
 2186.56036 9.971775E+1 2186.65697 9.494874E+1 2186.75358 8.974119E+1
 2186.91300 8.049086E+1 2187.23664 6.101355E+1 2187.35258 5.433914E+1
 2187.46851 4.802433E+1 2187.56996 4.285920E+1 2187.64242 3.939951E+1
 2187.71488 3.614166E+1 2187.78734 3.309085E+1 2187.85980 3.024888E+1
 2187.93225 2.761484E+1 2187.99022 2.565421E+1 2188.04819 2.382103E+1
 2188.10616 2.211154E+1 2188.16412 2.052160E+1 2188.22209 1.904577E+1
 2188.28006 1.767904E+1 2188.33803 1.641584E+1 2188.39599 1.525062E+1
 2188.45396 1.417713E+1 2188.51193 1.318975E+1 2188.56990 1.228268E+1
 2188.62786 1.145040E+1 2188.68583 1.068711E+1 2188.74380 9.987653E+0
 2188.80177 9.346977E+0 2188.85973 8.760365E+0 2188.91770 8.223080E+0
 2188.97567 7.730973E+0 2189.03605 7.262165E+0 2189.10127 6.801215E+0
 2189.16649 6.382768E+0 2189.23170 6.002500E+0 2189.29691 5.656372E+0
 2189.36212 5.340806E+0 2189.42734 5.052539E+0 2189.49255 4.788775E+0
 2189.57950 4.470710E+0 2189.66645 4.186237E+0 2189.73891 3.971519E+0
 2189.82586 3.737269E+0 2189.91281 3.525367E+0 2189.99976 3.332925E+0
 2190.08672 3.157473E+0 2190.17366 2.996983E+0 2190.28960 2.803142E+0
 2190.40553 2.629214E+0 2190.52147 2.472312E+0 2190.63740 2.330126E+0
 2190.74609 2.208455E+0 2190.85478 2.096683E+0 2190.99970 1.961136E+0
 2191.14462 1.838992E+0 2191.28954 1.728438E+0 2191.43446 1.627977E+0
 2191.57938 1.536359E+0 2191.72430 1.452531E+0 2191.88129 1.369479E+0
 2192.05037 1.287984E+0 2192.21944 1.213749E+0 2192.38851 1.145909E+0
 2192.55758 1.083730E+0 2192.72666 1.026581E+0 2192.89573 9.739284E-1
 2193.14933 9.023661E-1 2193.36671 8.472242E-1 2193.58409 7.970639E-1
 2193.80147 7.512939E-1 2194.01884 7.094112E-1 2194.23622 6.709786E-1
 2194.45360 6.356246E-1 2194.67098 6.030254E-1 2194.88835 5.729006E-1
 2195.17819 5.361586E-1 2195.46803 5.028776E-1 2195.75787 4.726333E-1
 2196.04770 4.450652E-1 2196.33754 4.198615E-1 2196.62738 3.967565E-1
 2196.91722 3.755195E-1 2197.20705 3.559518E-1 2197.54520 3.350013E-1
 2197.88334 3.158526E-1 2198.22149 2.983031E-1 2198.55963 2.821810E-1
 2198.89778 2.673348E-1 2199.23592 2.536345E-1 2199.74313 2.349839E-1
 2200.12958 2.221252E-1 2200.56434 2.088853E-1 2200.99910 1.967980E-1
 2201.43386 1.857331E-1 2201.86861 1.755781E-1 2202.30337 1.662353E-1
 2202.73812 1.576205E-1 2203.17288 1.496594E-1 2203.65594 1.415024E-1
 2204.18731 1.332779E-1 2204.71868 1.257514E-1 2205.25005 1.188466E-1
 2205.78142 1.124983E-1 2206.31279 1.066498E-1 2206.84416 1.012497E-1
 2207.64120 9.388814E-2 2208.31749 8.824888E-2 2208.99378 8.309874E-2
 2209.67007 7.838503E-2 2210.34635 7.406107E-2 2211.02264 7.008519E-2
 2211.69893 6.642107E-2 2212.37522 6.303691E-2 2213.05150 5.990494E-2
 2213.82440 5.660300E-2 2214.59730 5.356661E-2 2215.37020 5.076803E-2
 2216.14310 4.818305E-2 2217.30245 4.466039E-2 2218.46180 4.151010E-2
 2219.23470 3.959138E-2 2220.20083 3.737426E-2 2221.16695 3.533813E-2
 2222.13308 3.346380E-2 2223.09920 3.173484E-2 2224.06533 3.013755E-2
 2225.51452 2.796020E-2 2226.96370 2.600772E-2 2228.26798 2.441906E-2
 2229.57224 2.297143E-2 2230.87651 2.164863E-2 2232.18078 2.043680E-2
 2233.48505 1.932485E-2 2234.88593 1.822970E-2 2236.33512 1.719001E-2
 2237.78430 1.623617E-2 2239.23349 1.535943E-2 2240.68268 1.455172E-2
 2242.50851 1.362152E-2 2244.22791 1.282458E-2 2245.94731 1.209490E-2
 2247.66671 1.142585E-2 2249.36649 1.082139E-2 2251.04664 1.026698E-2
 2253.56686 9.511082E-3 2256.08709 8.835545E-3 2258.60732 8.229349E-3
 2261.12755 7.683316E-3 2263.64778 7.189757E-3 2266.16801 6.742188E-3
 2268.68823 6.335094E-3 2271.20847 5.963746E-3 2273.72869 5.624083E-3
 2276.24892 5.312586E-3 2278.76914 5.026220E-3 2282.12944 4.678948E-3
 2285.48975 4.366498E-3 2288.85005 4.084218E-3 2292.21036 3.828485E-3
 2295.57066 3.595960E-3 2298.93097 3.384025E-3 2302.29127 3.190231E-3
 2305.65157 3.012650E-3 2309.01187 2.849897E-3 2313.49228 2.652553E-3
 2317.97268 2.474610E-3 2322.45309 2.313999E-3 2326.93349 2.168543E-3
 2331.41390 2.036400E-3 2335.89430 1.915996E-3 2340.37471 1.805983E-3
 2344.85511 1.705203E-3 2349.33552 1.612651E-3 2353.81592 1.527460E-3
 2358.29633 1.448870E-3 2362.77673 1.376218E-3 2367.25714 1.308924E-3
 2373.97775 1.217090E-3 2380.69835 1.134344E-3 2387.41895 1.060081E-3
 2394.13956 9.927030E-4 2400.86017 9.318120E-4 2407.58077 8.762300E-4
 2414.30138 8.256910E-4 2421.02199 7.793150E-4 2427.74260 7.369150E-4
 2434.46320 6.978790E-4 2443.42401 6.506070E-4 2452.38482 6.080120E-4
 2461.34563 5.695480E-4 2470.30644 5.347000E-4 2479.26725 5.030310E-4
 2488.22806 4.741660E-4 2497.18887 4.477880E-4 2506.14968 4.236170E-4
 2515.11049 4.014180E-4 2524.07130 3.809830E-4 2533.03210 3.621300E-4
 2541.99291 3.447020E-4 2550.95372 3.285590E-4 2559.91453 3.135790E-4
 2573.35575 2.931290E-4 2586.79696 2.745940E-4 2600.23818 2.579840E-4
 2613.67939 2.428350E-4 2627.12061 2.291670E-4 2640.56182 2.166340E-4
 2654.00304 2.052590E-4 2667.44425 1.949510E-4 2676.40505 1.883120E-4
 2694.32667 1.763830E-4 2712.24829 1.656790E-4 2730.16991 1.560420E-4
 2748.09153 1.473390E-4 2766.01315 1.394520E-4 2783.93477 1.322870E-4
 2801.85639 1.257590E-4 2819.77800 1.197970E-4 2842.96500 1.128560E-4
 2866.15200 1.065850E-4 2881.61000 1.027840E-4 2900.93250 9.839340E-5
 2920.25500 9.436360E-5 2939.57750 9.065860E-5 2958.90000 8.724710E-5
 2982.82373 8.338690E-5 3006.74745 7.988540E-5 3030.85527 7.668000E-5
 3054.96309 7.376390E-5 3079.07091 7.110640E-5 3115.23264 6.756930E-5
 3151.39437 6.443730E-5 3187.55610 6.172790E-5 3219.08119 5.965120E-5
 3238.55238 5.842840E-5 3277.49475 5.629550E-5 3316.43713 5.444230E-5
 3355.37950 5.283460E-5 3394.32188 5.144380E-5 3433.26425 5.024600E-5
 3472.20663 4.922120E-5 3530.62019 4.798730E-5 3589.03375 4.702760E-5
 3647.44732 4.636400E-5 3705.86088 4.591680E-5 3764.27444 4.571060E-5
 3793.48123 4.566860E-5 3900.51999 4.596440E-5 3978.45750 4.656340E-5
 4056.34225 4.747620E-5 4134.22700 4.870490E-5 4212.11175 5.025970E-5
 4289.99650 5.215970E-5 4367.88125 5.443340E-5 4445.76600 5.711920E-5
 4504.17957 5.944900E-5 4562.59313 6.203910E-5 4621.00669 6.498200E-5
 4679.42025 6.824950E-5 4737.83382 7.196540E-5 4757.30500 7.327460E-5
 4819.61280 7.790920E-5 4866.34365 8.182040E-5 4918.21490 8.660250E-5
 4954.50919 9.030100E-5 5006.53620 9.615320E-5 5053.26705 1.020730E-4
 5085.66711 1.065670E-4 5102.49021 1.089950E-4 5147.97491 1.162150E-4
 5193.45960 1.243210E-4 5234.27121 1.324690E-4 5265.69771 1.394210E-4
 5297.12421 1.469610E-4 5318.07520 1.524060E-4 5351.72141 1.618890E-4
 5377.89069 1.699660E-4 5404.05997 1.787410E-4 5430.22925 1.882920E-4
 5456.39852 1.987130E-4 5480.69856 2.092670E-4 5512.78708 2.247050E-4
 5543.00636 2.409660E-4 5574.16026 2.598120E-4 5598.46030 2.762340E-4
 5615.75072 2.889570E-4 5639.97288 3.084870E-4 5660.76810 3.268800E-4
 5676.34505 3.418820E-4 5691.92200 3.580050E-4 5713.06771 3.819460E-4
 5730.70861 4.038080E-4 5748.34951 4.278580E-4 5763.73174 4.508850E-4
 5778.64667 4.746090E-4 5794.88564 5.029830E-4 5811.12461 5.342920E-4
 5824.32608 5.621760E-4 5832.11455 5.792770E-4 5845.19919 6.104270E-4
 5858.28383 6.442760E-4 5871.36847 6.811360E-4 5884.45310 7.213740E-4
 5897.22620 7.643230E-4 5909.99930 8.113650E-4 5922.46086 8.616800E-4
 5935.07820 9.178200E-4 5944.42437 9.630570E-4 5959.84554 1.045532E-3
 5969.65902 1.103875E-3 5984.76866 1.204018E-3 5994.11483 1.273097E-3
 6003.46100 1.348380E-3 6012.80717 1.430918E-3 6022.15334 1.521211E-3
 6031.49951 1.620792E-3 6040.84568 1.730385E-3 6050.19185 1.852067E-3
 6059.53802 1.986901E-3 6068.88419 2.137766E-3 6075.11497 2.248094E-3
 6081.34575 2.367333E-3 6087.57653 2.496471E-3 6093.80731 2.636641E-3
 6100.03809 2.789136E-3 6106.26887 2.955451E-3 6112.49965 3.137310E-3
 6118.73043 3.336713E-3 6125.35064 3.569268E-3 6130.60786 3.772843E-3
 6135.86508 3.994596E-3 6141.12231 4.236778E-3 6146.37952 4.501963E-3
 6151.44203 4.781805E-3 6156.11511 5.064106E-3 6160.78820 5.371109E-3
 6165.46128 5.708423E-3 6170.13437 6.078999E-3 6174.80745 6.487157E-3
 6179.48054 6.938227E-3 6184.15362 7.438381E-3 6188.82671 7.995102E-3
 6193.49979 8.617168E-3 6196.61518 9.073404E-3 6199.73057 9.567098E-3
 6202.84596 1.010247E-2 6205.96135 1.068436E-2 6209.07674 1.131832E-2
 6212.19213 1.201075E-2 6215.30752 1.276910E-2 6218.42291 1.360200E-2
 6221.53830 1.451958E-2 6224.65369 1.553372E-2 6227.76908 1.665834E-2
 6230.88447 1.790568E-2 6233.22102 1.893536E-2 6235.55756 2.006091E-2
 6237.89410 2.129081E-2 6240.23064 2.263784E-2 6242.56719 2.411740E-2
 6244.90373 2.574745E-2 6247.24027 2.754914E-2 6249.57681 2.954748E-2
 6251.91336 3.177220E-2 6254.24990 3.425885E-2 6255.80759 3.608294E-2
 6257.36529 3.805718E-2 6258.92298 4.019849E-2 6260.48068 4.252633E-2
 6262.03837 4.506300E-2 6263.40136 4.747410E-2 6264.76434 5.008458E-2
 6266.12733 5.291712E-2 6267.49031 5.599763E-2 6268.85330 5.935586E-2
 6270.21628 6.302522E-2 6271.57926 6.704226E-2 6272.94224 7.145107E-2
 6274.40258 7.667798E-2 6275.86292 8.251023E-2 6277.32326 8.904107E-2
 6278.29682 9.383731E-2 6279.27038 9.903296E-2 6280.24394 1.046737E-1
 6281.16882 1.104922E-1 6282.04502 1.164652E-1 6282.92123 1.229375E-1
 6283.79743 1.299663E-1 6284.67364 1.376177E-1 6285.54984 1.459673E-1
 6286.42604 1.551031E-1 6287.30224 1.651273E-1 6288.08109 1.748796E-1
 6288.76259 1.841420E-1 6289.44408 1.941626E-1 6290.12557 2.050263E-1
 6290.80706 2.168297E-1 6291.48855 2.296836E-1 6292.17004 2.437157E-1
 6292.85153 2.590754E-1 6293.44540 2.736791E-1 6294.20478 2.942318E-1
 6294.96416 3.172034E-1 6295.47041 3.340549E-1 6295.97666 3.522945E-1
 6296.48291 3.720803E-1 6296.98916 3.935935E-1 6297.57329 4.208372E-1
 6298.06981 4.463011E-1 6298.56632 4.741680E-1 6299.15046 5.104595E-1
 6299.73459 5.511223E-1 6300.25545 5.916634E-1 6300.72763 6.324494E-1
 6301.17546 6.751996E-1 6301.56488 7.160380E-1 6301.99325 7.654436E-1
 6302.38268 8.149902E-1 6302.77210 8.695720E-1 6303.16153 9.299078E-1
 6303.55095 9.968446E-1 6303.94037 1.071399E+0 6304.23244 1.133040E+0
 6304.58292 1.214427E+0 6304.83604 1.278891E+0 6305.08917 1.348735E+0
 6305.34229 1.424580E+0 6305.63437 1.520512E+0 6305.92643 1.626699E+0
 6306.21850 1.744705E+0 6306.51057 1.876386E+0 6306.80264 2.023987E+0
 6306.99735 2.132551E+0 6307.19207 2.250345E+0 6307.38678 2.378441E+0
 6307.58149 2.518092E+0 6307.77620 2.670728E+0 6307.97091 2.837992E+0
 6308.16562 3.021772E+0 6308.36033 3.224235E+0 6308.53557 3.424473E+0
 6308.69134 3.618510E+0 6308.84711 3.829323E+0 6309.00288 4.058696E+0
 6309.15865 4.308589E+0 6309.31442 4.581156E+0 6309.47019 4.878737E+0
 6309.62596 5.203868E+0 6309.80120 5.605957E+0 6309.94723 5.973254E+0
 6310.09326 6.372520E+0 6310.23930 6.806375E+0 6310.38533 7.277396E+0
 6310.53136 7.788247E+0 6310.67740 8.341552E+0 6310.82344 8.939738E+0
 6310.96947 9.585022E+0 6311.11550 1.027942E+1 6311.26153 1.102452E+1
 6311.40757 1.182147E+1 6311.55361 1.267073E+1 6311.74832 1.388386E+1
 6311.94303 1.518658E+1 6312.13774 1.657295E+1 6312.42981 1.878774E+1
 6312.81923 2.191399E+1 6313.33327 2.607168E+1 6313.58250 2.796425E+1
 6313.81615 2.958726E+1 6314.04981 3.100927E+1 6314.21337 3.185807E+1
 6314.38471 3.259863E+1 6314.54827 3.315010E+1 6314.70404 3.352439E+1
 6314.88162 3.376313E+1 6315.00000 3.380836E+1 6315.12150 3.375931E+1
 6315.29597 3.352102E+1 6315.45174 3.314505E+1 6315.61530 3.259192E+1
 6315.78664 3.184979E+1 6315.95020 3.099967E+1 6316.18385 2.957621E+1
 6316.41751 2.795206E+1 6316.66674 2.605884E+1 6317.47285 1.954321E+1
 6317.76491 1.728379E+1 6318.01804 1.544751E+1 6318.19328 1.425631E+1
 6318.36852 1.313656E+1 6318.54376 1.209106E+1 6318.71901 1.112076E+1
 6318.89424 1.022523E+1 6319.03054 9.579114E+0 6319.16684 8.975753E+0
 6319.30314 8.413545E+0 6319.43943 7.890708E+0 6319.57573 7.405186E+0
 6319.71203 6.954937E+0 6319.84833 6.537827E+0 6319.98462 6.151735E+0
 6320.14039 5.745685E+0 6320.29616 5.374255E+0 6320.45193 5.034487E+0
 6320.60770 4.723582E+0 6320.76347 4.438916E+0 6320.91924 4.178055E+0
 6321.07501 3.938754E+0 6321.23078 3.718961E+0 6321.42550 3.468813E+0
 6321.62021 3.242983E+0 6321.81492 3.038584E+0 6322.00963 2.853101E+0
 6322.20435 2.684329E+0 6322.39906 2.530372E+0 6322.59377 2.389555E+0
 6322.78848 2.260428E+0 6323.02214 2.119135E+0 6323.25579 1.990991E+0
 6323.48945 1.874383E+0 6323.72310 1.767956E+0 6323.95676 1.670530E+0
 6324.19041 1.581109E+0 6324.42406 1.498819E+0 6324.65771 1.422909E+0
 6324.96925 1.330498E+0 6325.28079 1.246947E+0 6325.59233 1.171142E+0
 6325.90387 1.102140E+0 6326.21541 1.039142E+0 6326.52695 9.814604E-1
 6326.83849 9.285082E-1 6327.15002 8.797779E-1 6327.50051 8.294509E-1
 6327.85099 7.833666E-1 6328.20147 7.410558E-1 6328.55195 7.021141E-1
 6328.90243 6.661905E-1 6329.42815 6.173052E-1 6329.95387 5.736531E-1
 6330.42118 5.386558E-1 6330.88849 5.067916E-1 6331.35580 4.776948E-1
 6331.82311 4.510509E-1 6332.29042 4.265879E-1 6332.75773 4.040707E-1
 6333.22504 3.832953E-1 6333.69234 3.640852E-1 6334.27648 3.420402E-1
 6334.86062 3.219431E-1 6335.44476 3.035733E-1 6336.02889 2.867406E-1
 6336.61303 2.712776E-1 6337.19716 2.570385E-1 6337.78130 2.438948E-1
 6338.36543 2.317354E-1 6339.04693 2.186642E-1 6339.72842 2.066685E-1
 6340.40991 1.956338E-1 6341.09140 1.854608E-1 6341.77289 1.760622E-1
 6342.79513 1.632515E-1 6343.81736 1.517920E-1 6344.69357 1.429046E-1
 6345.56977 1.347767E-1 6346.44598 1.273237E-1 6347.32218 1.204730E-1
 6348.19839 1.141612E-1 6349.07459 1.083332E-1 6350.38889 1.003945E-1
 6351.41113 9.480845E-2 6352.57941 8.897734E-2 6353.74768 8.366888E-2
 6354.91595 7.882374E-2 6356.08422 7.439187E-2 6357.25249 7.032769E-2
 6358.42076 6.658752E-2 6359.58903 6.313430E-2 6360.85466 5.968463E-2
 6362.21764 5.627535E-2 6363.58062 5.314993E-2 6364.94360 5.027789E-2
 6366.30659 4.763253E-2 6367.66957 4.519065E-2 6369.71404 4.186546E-2
 6371.07702 3.984851E-2 6372.63472 3.771691E-2 6374.19241 3.575192E-2
 6375.75011 3.393657E-2 6378.08665 3.146226E-2 6380.42319 2.924901E-2
 6382.75974 2.726136E-2 6385.09628 2.546965E-2 6387.43282 2.384896E-2
 6389.76936 2.237820E-2 6392.10591 2.103942E-2 6394.44245 1.981732E-2
 6396.77899 1.869914E-2 6399.11553 1.767639E-2 6402.23092 1.643774E-2
 6405.34631 1.532127E-2 6408.46170 1.431474E-2 6411.57709 1.340430E-2
 6414.69248 1.257811E-2 6417.80787 1.182609E-2 6420.92326 1.113962E-2
 6424.03865 1.051130E-2 6427.15404 9.934762E-3 6430.26943 9.404460E-3
 6433.38482 8.915586E-3 6436.50021 8.463939E-3 6441.17330 7.848354E-3
 6445.84638 7.297696E-3 6450.51947 6.803208E-3 6455.19255 6.357467E-3
 6459.86564 5.954318E-3 6464.53872 5.588476E-3 6469.21181 5.255640E-3
 6474.27432 4.928659E-3 6479.53154 4.619439E-3 6484.78876 4.338660E-3
 6490.04599 4.082965E-3 6495.30320 3.849447E-3 6500.75513 3.628027E-3
 6506.59649 3.411530E-3 6514.38496 3.152381E-3 6520.61574 2.965759E-3
 6526.84652 2.795469E-3 6533.07730 2.639670E-3 6539.30808 2.496772E-3
 6545.53886 2.365399E-3 6551.76964 2.244354E-3 6558.84112 2.118394E-3
 6565.91260 2.002819E-3 6573.82478 1.884693E-3 6581.73696 1.777058E-3
 6589.64914 1.678724E-3 6597.56132 1.588664E-3 6605.47350 1.505994E-3
 6613.38568 1.429942E-3 6621.29786 1.359836E-3 6629.21003 1.295090E-3
 6637.12221 1.235186E-3 6648.99048 1.153600E-3 6660.85874 1.080241E-3
 6672.72701 1.014648E-3 6684.59528 9.553380E-4 6696.46354 9.020190E-4
 6708.33181 8.535960E-4 6720.20008 8.098880E-4 6732.06835 7.700720E-4
 6745.91467 7.283300E-4 6763.71706 6.810660E-4 6779.54141 6.443130E-4
 6795.36577 6.119990E-4 6811.19012 5.836800E-4 6827.01448 5.590010E-4
 6842.83884 5.376830E-4 6858.66320 5.195160E-4 6874.48755 5.043590E-4
 6890.31191 4.921300E-4 6906.13626 4.828150E-4 6921.96062 4.764710E-4
 6941.74106 4.729040E-4 6945.69715 4.727790E-4 6961.52151 4.746690E-4
 6973.38978 4.786750E-4 6985.25805 4.850300E-4 6997.12632 4.942400E-4
 7008.99458 5.064770E-4 7020.86285 5.225090E-4 7028.77503 5.355010E-4
 7036.68721 5.506470E-4 7044.59938 5.682360E-4 7052.51156 5.886130E-4
 7060.51111 6.124750E-4 7064.55457 6.257880E-4 7072.64149 6.558280E-4
 7078.83775 6.821050E-4 7085.03400 7.117550E-4 7091.23025 7.451860E-4
 7097.42649 7.829390E-4 7103.62275 8.257350E-4 7109.81900 8.743640E-4
 7114.46619 9.152900E-4 7119.11338 9.605890E-4 7123.76057 1.010860E-3
 7128.40775 1.066807E-3 7133.05494 1.129268E-3 7137.70213 1.199248E-3
 7142.34932 1.277957E-3 7146.99650 1.366863E-3 7150.09463 1.432678E-3
 7153.19275 1.504378E-3 7156.29088 1.582152E-3 7159.38900 1.667767E-3
 7162.48713 1.761980E-3 7165.58525 1.865758E-3 7168.68338 1.980419E-3
 7171.78150 2.107518E-3 7174.87963 2.248900E-3 7177.97776 2.406764E-3
 7180.30136 2.537549E-3 7182.62495 2.680392E-3 7184.94855 2.836813E-3
 7187.27214 3.008577E-3 7189.59573 3.197749E-3 7191.91932 3.406750E-3
 7194.24291 3.638388E-3 7196.56650 3.895819E-3 7199.00625 4.198595E-3
 7200.63275 4.421812E-3 7202.25925 4.664306E-3 7203.88575 4.928317E-3
 7205.51225 5.216453E-3 7207.13875 5.531673E-3 7208.76525 5.877311E-3
 7210.18844 6.207918E-3 7212.01825 6.677431E-3 7213.84807 7.204564E-3
 7215.06794 7.592604E-3 7216.28782 8.013760E-3 7217.50769 8.471785E-3
 7218.72757 8.971034E-3 7219.84579 9.469370E-3 7220.86235 9.960340E-3
 7221.87891 1.049163E-2 7222.89547 1.106772E-2 7223.91204 1.169370E-2
 7224.92860 1.237545E-2 7225.94516 1.311978E-2 7226.96172 1.393462E-2
 7227.87663 1.473585E-2 7228.68988 1.550852E-2 7229.50313 1.634461E-2
 7230.31638 1.725128E-2 7231.12963 1.823673E-2 7231.94288 1.931040E-2
 7232.75613 2.048317E-2 7233.56938 2.176765E-2 7234.28097 2.299466E-2
 7235.19588 2.473270E-2 7236.11079 2.667756E-2 7236.72072 2.810557E-2
 7237.33066 2.965253E-2 7237.94060 3.133232E-2 7238.55054 3.316103E-2
 7239.10965 3.498398E-2 7239.87207 3.772660E-2 7240.38035 3.974125E-2
 7240.88863 4.192434E-2 7241.39691 4.429525E-2 7241.90519 4.687629E-2
 7242.41347 4.969322E-2 7242.92175 5.277596E-2 7243.53169 5.687570E-2
 7243.93832 5.988460E-2 7244.34494 6.314277E-2 7244.75157 6.667909E-2
 7245.15819 7.052643E-2 7245.56482 7.472312E-2 7245.97144 7.931326E-2
 7246.35265 8.401982E-2 7246.70845 8.880940E-2 7247.06425 9.403003E-2
 7247.42005 9.973635E-2 7247.77584 1.059921E-1 7248.13164 1.128728E-1
 7248.48744 1.204674E-1 7248.84324 1.288821E-1 7249.14820 1.368430E-1
 7249.40234 1.440775E-1 7249.65648 1.519263E-1 7249.91062 1.604647E-1
 7250.16476 1.697809E-1 7250.41890 1.799787E-1 7250.67304 1.911815E-1
 7250.92718 2.035377E-1 7251.16862 2.165091E-1 7251.39735 2.300800E-1
 7251.62608 2.451007E-1 7251.85480 2.618182E-1 7252.02635 2.756557E-1
 7252.19789 2.907834E-1 7252.36944 3.073999E-1 7252.54099 3.257445E-1
 7252.71253 3.461103E-1 7252.88407 3.688610E-1 7253.01750 3.884896E-1
 7253.15092 4.100830E-1 7253.28435 4.339446E-1 7253.41777 4.604255E-1
 7253.55119 4.899451E-1 7253.68461 5.229948E-1 7253.81804 5.601543E-1
 7253.95146 6.020921E-1 7254.04041 6.330907E-1 7254.12936 6.668239E-1
 7254.21831 7.035811E-1 7254.30725 7.436757E-1 7254.41399 7.966992E-1
 7254.52073 8.557027E-1 7254.62747 9.214216E-1 7254.73421 9.946657E-1
 7254.84095 1.076323E+0 7254.94769 1.167363E+0 7255.01885 1.233785E+0
 7255.09001 1.305173E+0 7255.16117 1.381875E+0 7255.23233 1.464256E+0
 7255.30349 1.552692E+0 7255.37465 1.647578E+0 7255.47376 1.791248E+0
 7255.55763 1.924060E+0 7255.64150 2.067923E+0 7255.72536 2.223548E+0
 7255.80923 2.391714E+0 7255.89309 2.573127E+0 7255.97697 2.768604E+0
 7256.06083 2.978793E+0 7256.14470 3.204496E+0 7256.22856 3.446365E+0
 7256.31243 3.705135E+0 7256.38613 3.946960E+0 7256.47762 4.266562E+0
 7256.56911 4.608299E+0 7256.66060 4.972752E+0 7256.75209 5.360385E+0
 7256.84358 5.771523E+0 7256.98081 6.432601E+0 7257.10788 7.092054E+0
 7257.25020 7.883506E+0 7257.39252 8.728364E+0 7257.57042 9.853461E+0
 7257.78390 1.128996E+1 7258.07870 1.338115E+1 7258.53616 1.666556E+1
 7258.73946 1.804362E+1 7258.94278 1.931254E+1 7259.09527 2.016744E+1
 7259.24775 2.092085E+1 7259.39515 2.153858E+1 7259.53238 2.200539E+1
 7259.66352 2.234639E+1 7259.82922 2.262204E+1 7259.99187 2.271801E+1
 7260.00000 2.271820E+1 7260.13012 2.266167E+1 7260.29277 2.243457E+1
 7260.42391 2.212843E+1 7260.55911 2.170323E+1 7260.70143 2.114316E+1
 7260.85391 2.042643E+1 7261.03690 1.942707E+1 7261.24021 1.817110E+1
 7261.47402 1.658932E+1 7262.13987 1.181715E+1 7262.33810 1.045504E+1
 7262.51600 9.294730E+0 7262.65832 8.417918E+0 7262.80572 7.563680E+0
 7262.92770 6.900873E+0 7263.04969 6.279393E+0 7263.17168 5.699916E+0
 7263.29367 5.162455E+0 7263.41565 4.666522E+0 7263.51731 4.284193E+0
 7263.61897 3.929213E+0 7263.72063 3.600642E+0 7263.82228 3.297442E+0
 7263.92394 3.018385E+0 7264.02559 2.762282E+0 7264.12725 2.527791E+0
 7264.20349 2.365338E+0 7264.28990 2.194319E+0 7264.38139 2.027550E+0
 7264.47288 1.874553E+0 7264.56438 1.734375E+0 7264.65586 1.606146E+0
 7264.74735 1.488941E+0 7264.83884 1.381926E+0 7264.93034 1.284284E+0
 7265.02183 1.195269E+0 7265.11332 1.114147E+0 7265.20480 1.040246E+0
 7265.28613 9.800851E-1 7265.36745 9.247117E-1 7265.44878 8.737216E-1
 7265.53010 8.267639E-1 7265.61143 7.834889E-1 7265.69275 7.435939E-1
 7265.77408 7.067794E-1 7265.89607 6.567662E-1 7266.01805 6.122888E-1
 7266.14004 5.726255E-1 7266.26203 5.371555E-1 7266.38402 5.053345E-1
 7266.50600 4.766924E-1 7266.65849 4.447360E-1 7266.81098 4.164310E-1
 7266.96346 3.912170E-1 7267.11594 3.686266E-1 7267.26843 3.482736E-1
 7267.42091 3.298423E-1 7267.52257 3.184887E-1 7267.72588 2.977295E-1
 7267.92919 2.792054E-1 7268.13250 2.625641E-1 7268.32312 2.484217E-1
 7268.51372 2.355026E-1 7268.76786 2.199162E-1 7269.02200 2.059382E-1
 7269.27614 1.933355E-1 7269.53028 1.819194E-1 7269.78442 1.715359E-1
 7270.03856 1.620567E-1 7270.31812 1.525463E-1 7270.62309 1.431311E-1
 7270.92806 1.345909E-1 7271.23303 1.268167E-1 7271.53800 1.197164E-1
 7271.84297 1.132120E-1 7272.14794 1.072367E-1 7272.45290 1.017333E-1
 7272.78328 9.624608E-2 7273.13908 9.082853E-2 7273.49488 8.586421E-2
 7273.85068 8.130306E-2 7274.20647 7.710198E-2 7274.56227 7.322328E-2
 7275.09596 6.793983E-2 7275.45175 6.473356E-2 7275.90921 6.093854E-2
 7276.36666 5.747215E-2 7276.82412 5.429698E-2 7277.28157 5.138111E-2
 7277.73903 4.869669E-2 7278.19648 4.621976E-2 7278.88266 4.284811E-2
 7279.39094 4.058562E-2 7279.95005 3.830025E-2 7280.50916 3.620495E-2
 7281.06827 3.427913E-2 7281.62738 3.250484E-2 7282.18649 3.086634E-2
 7283.02515 2.863354E-2 7283.58425 2.727792E-2 7284.29585 2.568819E-2
 7285.00744 2.423427E-2 7285.71904 2.290114E-2 7286.43063 2.167589E-2
 7287.14223 2.054722E-2 7287.85382 1.950527E-2 7288.92121 1.808624E-2
 7289.73446 1.710747E-2 7290.64937 1.609933E-2 7291.56428 1.517864E-2
 7292.47918 1.433553E-2 7293.39409 1.356151E-2 7294.30899 1.284921E-2
 7295.22390 1.219222E-2 7296.59625 1.129842E-2 7297.71447 1.064176E-2
 7298.83269 1.004160E-2 7299.95091 9.491709E-3 7301.06913 8.986559E-3
 7302.18735 8.521214E-3 7303.30557 8.091453E-3 7304.98290 7.505969E-3
 7306.25360 7.104345E-3 7307.67679 6.692331E-3 7309.09998 6.315946E-3
 7310.52316 5.971251E-3 7311.94635 5.654589E-3 7313.36954 5.362814E-3
 7314.79273 5.093424E-3 7316.92750 4.726667E-3 7318.47521 4.485585E-3
 7320.79676 4.157986E-3 7323.11831 3.865890E-3 7325.43987 3.604374E-3
 7327.76142 3.369400E-3 7330.22719 3.144966E-3 7332.98138 2.920712E-3
 7335.73558 2.720568E-3 7338.48977 2.541683E-3 7341.24397 2.380488E-3
 7343.99815 2.234443E-3 7346.75235 2.102050E-3 7349.50654 1.981683E-3
 7352.26074 1.871922E-3 7355.01493 1.771553E-3 7357.76912 1.679530E-3
 7360.52331 1.594950E-3 7364.19557 1.492410E-3 7367.86783 1.400131E-3
 7371.54009 1.316780E-3 7375.21234 1.241236E-3 7378.88460 1.172548E-3
 7382.55686 1.109906E-3 7386.22912 1.052616E-3 7389.90137 1.000082E-3
 7393.57363 9.517870E-4 7399.08202 8.863300E-4 7404.59040 8.281400E-4
 7410.09878 7.762130E-4 7415.60717 7.299140E-4 7421.85000 6.825940E-4
 7428.46007 6.380250E-4 7435.07013 5.983510E-4 7441.68020 5.628740E-4
 7448.29026 5.310100E-4 7454.90032 5.022660E-4 7461.51038 4.762360E-4
 7468.12045 4.525780E-4 7474.73051 4.310120E-4 7483.54393 4.051120E-4
 7492.35734 3.820250E-4 7501.17076 3.613420E-4 7509.98417 3.427400E-4
 7518.79759 3.259380E-4 7529.07991 3.085350E-4 7534.95552 2.991380E-4
 7546.70674 2.822720E-4 7558.45797 2.672760E-4 7570.20919 2.538790E-4
 7581.96041 2.418570E-4 7593.71163 2.310240E-4 7605.46286 2.212240E-4
 7617.21408 2.123300E-4 7628.96530 2.042330E-4 7646.59214 1.934170E-4
 7664.21897 1.838490E-4 7681.84580 1.754680E-4 7696.28628 1.692860E-4
 7721.98087 1.596630E-4 7744.48910 1.524360E-4 7766.99734 1.461490E-4
 7789.50557 1.406630E-4 7812.01381 1.358670E-4 7834.52204 1.316700E-4
 7857.03027 1.279990E-4 7879.53850 1.247940E-4 7913.30086 1.207870E-4
 7947.06321 1.175200E-4 7980.82556 1.150190E-4 8014.58791 1.130990E-4
 8048.35026 1.118050E-4 8082.11261 1.110030E-4 8115.87496 1.107340E-4
 8149.63731 1.109640E-4 8194.65378 1.120240E-4 8239.67024 1.139560E-4
 8273.43260 1.160220E-4 8307.19495 1.185870E-4 8340.95730 1.217750E-4
 8374.71965 1.255330E-4 8408.48200 1.300280E-4 8442.24435 1.352130E-4
 8476.00670 1.413110E-4 8509.76905 1.482830E-4 8532.27729 1.535510E-4
 8554.78552 1.593500E-4 8577.29375 1.657340E-4 8599.80198 1.727650E-4
 8622.31022 1.805150E-4 8644.81845 1.890710E-4 8667.32669 1.985280E-4
 8689.83492 2.090030E-4 8712.34316 2.206270E-4 8734.85139 2.335600E-4
 8757.35962 2.479890E-4 8779.86785 2.641350E-4 8802.37609 2.822470E-4
 8819.25727 2.973570E-4 8836.13844 3.138630E-4 8853.01962 3.321010E-4
 8869.90079 3.521010E-4 8886.78197 3.743300E-4 8903.66315 3.988500E-4
 8920.54432 4.262910E-4 8937.42549 4.567670E-4 8948.67961 4.791660E-4
 8959.93372 5.033890E-4 8971.18784 5.296400E-4 8982.44196 5.581460E-4
 8993.69608 5.891730E-4 9004.95019 6.230240E-4 9016.20431 6.600490E-4
 9027.45842 7.006570E-4 9038.71254 7.453220E-4 9049.96665 7.946010E-4
 9061.22077 8.491500E-4 9072.47489 9.097450E-4 9085.13578 9.860810E-4
 9093.57637 1.042724E-3 9102.01695 1.104597E-3 9110.45754 1.172305E-3
 9118.89812 1.246612E-3 9127.33871 1.328393E-3 9135.77929 1.418700E-3
 9142.33613 1.495623E-3 9149.34575 1.585014E-3 9156.35538 1.682786E-3
 9163.36501 1.790037E-3 9170.37464 1.908062E-3 9177.38426 2.038392E-3
 9183.80976 2.170166E-3 9190.23525 2.315056E-3 9196.27132 2.465117E-3
 9201.52854 2.608317E-3 9206.78576 2.764507E-3 9212.04298 2.935314E-3
 9217.30020 3.122629E-3 9222.55742 3.328666E-3 9227.81465 3.555428E-3
 9233.07186 3.806695E-3 9238.52379 4.097086E-3 9242.41803 4.325510E-3
 9246.31227 4.573733E-3 9250.20651 4.844112E-3 9254.10074 5.139364E-3
 9257.99498 5.462641E-3 9261.88922 5.817608E-3 9265.78346 6.208549E-3
 9269.67769 6.640497E-3 9273.57193 7.119401E-3 9277.46617 7.652331E-3
 9280.38685 8.092502E-3 9283.30752 8.571959E-3 9286.22820 9.095526E-3
 9289.14888 9.668790E-3 9292.06956 1.029825E-2 9294.99024 1.099141E-2
 9297.91092 1.175555E-2 9300.63688 1.254151E-2 9303.26550 1.337946E-2
 9305.89410 1.430561E-2 9308.52272 1.533176E-2 9311.15133 1.647279E-2
 9313.77994 1.774654E-2 9315.53235 1.867984E-2 9317.28476 1.968898E-2
 9319.03716 2.078241E-2 9320.78957 2.196980E-2 9322.54197 2.326223E-2
 9324.29438 2.467251E-2 9326.04678 2.621541E-2 9327.60448 2.771206E-2
 9329.64895 2.987966E-2 9331.01194 3.146958E-2 9332.37492 3.319023E-2
 9333.73791 3.505638E-2 9335.10089 3.708490E-2 9336.46387 3.929509E-2
 9337.82685 4.170867E-2 9339.43323 4.484796E-2 9341.03960 4.835304E-2
 9342.11051 5.092403E-2 9343.18143 5.370827E-2 9344.25234 5.673007E-2
 9345.32326 6.001650E-2 9346.39417 6.359856E-2 9347.70848 6.845254E-2
 9349.02279 7.388637E-2 9349.89899 7.787784E-2 9350.77520 8.220304E-2
 9351.65140 8.690026E-2 9352.52760 9.201362E-2 9353.40380 9.759399E-2
 9354.42605 1.047738E-1 9355.44828 1.127800E-1 9356.47052 1.217450E-1
 9357.15201 1.283318E-1 9357.83350 1.354704E-1 9358.51499 1.432243E-1
 9359.15754 1.511638E-1 9359.76115 1.592420E-1 9360.36476 1.679890E-1
 9360.96836 1.774817E-1 9361.57197 1.878092E-1 9362.17557 1.990731E-1
 9362.77918 2.113914E-1 9363.38278 2.248999E-1 9363.91824 2.380068E-1
 9364.61920 2.569855E-1 9365.08651 2.709388E-1 9365.55382 2.860712E-1
 9366.02113 3.025215E-1 9366.48844 3.204502E-1 9366.95575 3.400433E-1
 9367.42305 3.615171E-1 9367.89036 3.851259E-1 9368.35767 4.111671E-1
 9368.82498 4.399934E-1 9369.29228 4.720238E-1 9369.72065 5.046295E-1
 9370.14902 5.408148E-1 9370.53844 5.772827E-1 9370.90840 6.155485E-1
 9371.29782 6.602089E-1 9371.58989 6.970716E-1 9371.95985 7.485205E-1
 9372.23245 7.902928E-1 9372.52450 8.391943E-1 9372.77763 8.854925E-1
 9373.03075 9.358894E-1 9373.32283 9.998202E-1 9373.61489 1.070839E+0
 9373.90696 1.150081E+0 9374.19903 1.238901E+0 9374.39374 1.304234E+0
 9374.58845 1.375116E+0 9374.78316 1.452196E+0 9374.97787 1.536210E+0
 9375.17258 1.627994E+0 9375.36729 1.728496E+0 9375.56201 1.838797E+0
 9375.75672 1.960095E+0 9375.95143 2.093757E+0 9376.14614 2.241303E+0
 9376.34086 2.404432E+0 9376.53557 2.584994E+0 9376.73028 2.785036E+0
 9376.92499 3.006767E+0 9377.07103 3.188727E+0 9377.21707 3.385265E+0
 9377.36310 3.597449E+0 9377.50913 3.826397E+0 9377.65517 4.073246E+0
 9377.80120 4.339072E+0 9377.94723 4.624984E+0 9378.09326 4.932028E+0
 9378.28797 5.375977E+0 9378.48268 5.861267E+0 9378.67740 6.389548E+0
 9378.87211 6.961823E+0 9379.06682 7.578475E+0 9379.26153 8.239012E+0
 9379.45625 8.941991E+0 9379.65096 9.684746E+0 9379.94303 1.086484E+1
 9380.33246 1.253102E+1 9380.99058 1.541357E+1 9381.33327 1.683220E+1
 9381.58250 1.777767E+1 9381.81615 1.857182E+1 9382.04981 1.925589E+1
 9382.29904 1.984357E+1 9382.54827 2.026663E+1 9382.78192 2.050147E+1
 9383.00000 2.057315E+1 9383.20250 2.051045E+1 9383.42447 2.030040E+1
 9383.65423 1.993311E+1 9383.88789 1.941362E+1 9384.12154 1.876142E+1
 9384.35520 1.799410E+1 9384.60054 1.708640E+1 9384.93544 1.572282E+1
 9385.92068 1.143315E+1 9386.15434 1.045879E+1 9386.38799 9.528895E+0
 9386.62165 8.651986E+0 9386.80662 7.999414E+0 9387.01107 7.323359E+0
 9387.21552 6.695999E+0 9387.41996 6.117491E+0 9387.62441 5.586955E+0
 9387.82885 5.102857E+0 9387.98462 4.763832E+0 9388.14039 4.449363E+0
 9388.29616 4.158213E+0 9388.45193 3.889077E+0 9388.60770 3.640611E+0
 9388.76347 3.411461E+0 9388.91924 3.200282E+0 9389.07501 3.005759E+0
 9389.26973 2.784085E+0 9389.46444 2.584101E+0 9389.65915 2.403586E+0
 9389.85386 2.240502E+0 9390.04858 2.092979E+0 9390.24329 1.959344E+0
 9390.43800 1.838068E+0 9390.63271 1.727793E+0 9390.82256 1.629706E+0
 9391.01240 1.539933E+0 9391.13896 1.484262E+0 9391.39209 1.381886E+0
 9391.64521 1.290113E+0 9391.89834 1.207519E+0 9392.15146 1.132914E+0
 9392.40459 1.065274E+0 9392.65771 1.003745E+0 9392.96925 9.353251E-1
 9393.28079 8.739045E-1 9393.59233 8.185327E-1 9393.90387 7.684178E-1
 9394.21541 7.228964E-1 9394.52695 6.814085E-1 9394.83849 6.434795E-1
 9395.15002 6.087050E-1 9395.50051 5.729198E-1 9395.85099 5.402639E-1
 9396.20147 5.103753E-1 9396.55195 4.829443E-1 9396.90243 4.577043E-1
 9397.25291 4.344247E-1 9397.77863 4.027487E-1 9398.18753 3.804811E-1
 9398.65484 3.572523E-1 9399.12215 3.361147E-1 9399.58946 3.168212E-1
 9400.05677 2.991605E-1 9400.52408 2.829507E-1 9400.99139 2.680349E-1
 9401.45869 2.542774E-1 9401.98441 2.400377E-1 9402.56855 2.255836E-1
 9403.15269 2.124051E-1 9403.73683 2.003563E-1 9404.32096 1.893116E-1
 9404.90510 1.791616E-1 9405.48923 1.698116E-1 9406.07337 1.611785E-1
 9406.70618 1.525514E-1 9407.38768 1.440152E-1 9408.06917 1.361780E-1
 9408.75066 1.289651E-1 9409.43215 1.223121E-1 9410.45438 1.132608E-1
 9411.47662 1.051812E-1 9412.25547 9.959353E-2 9413.13167 9.382514E-2
 9414.00788 8.854503E-2 9414.88408 8.369958E-2 9415.76029 7.924212E-2
 9416.63649 7.513230E-2 9417.51269 7.133477E-2 9418.82699 6.615741E-2
 9419.99527 6.201510E-2 9421.16354 5.825093E-2 9422.33181 5.482078E-2
 9423.50008 5.168715E-2 9424.66835 4.881716E-2 9425.83662 4.618097E-2
 9427.00489 4.375201E-2 9428.17316 4.150817E-2 9429.53615 3.910040E-2
 9430.89913 3.689572E-2 9432.26211 3.487238E-2 9433.62509 3.301114E-2
 9434.98808 3.129513E-2 9436.35106 2.970962E-2 9438.39553 2.754822E-2
 9439.95323 2.605599E-2 9441.70564 2.451777E-2 9443.45805 2.311191E-2
 9445.21045 2.182364E-2 9446.96286 2.064019E-2 9448.71527 1.955048E-2
 9450.46768 1.854487E-2 9453.09628 1.717596E-2 9455.72490 1.595322E-2
 9458.35351 1.485658E-2 9460.98212 1.386926E-2 9463.61072 1.297734E-2
 9466.23933 1.217028E-2 9469.06265 1.138603E-2 9471.98333 1.064965E-2
 9474.90401 9.981757E-3 9477.82469 9.374771E-3 9480.74537 8.821522E-3
 9483.66604 8.315850E-3 9486.58672 7.852449E-3 9489.50740 7.426736E-3
 9492.42808 7.034734E-3 9496.32232 6.558575E-3 9500.21655 6.129183E-3
 9504.11079 5.740627E-3 9508.00503 5.387892E-3 9511.89927 5.066708E-3
 9515.79350 4.773420E-3 9519.68774 4.504888E-3 9523.58198 4.258405E-3
 9527.47622 4.031622E-3 9532.92815 3.743379E-3 9538.18537 3.494033E-3
 9543.44259 3.269053E-3 9548.69982 3.064681E-3 9553.95703 2.878918E-3
 9559.21425 2.709566E-3 9564.47147 2.554739E-3 9569.72870 2.412820E-3
 9575.76476 2.264141E-3 9582.19025 2.120616E-3 9588.61574 1.990111E-3
 9595.62537 1.861065E-3 9602.63500 1.744230E-3 9609.64463 1.638085E-3
 9616.65425 1.541346E-3 9623.66388 1.452918E-3 9630.08734 1.378307E-3
 9638.26117 1.291563E-3 9646.43499 1.212788E-3 9654.60881 1.141027E-3
 9662.78264 1.075478E-3 9670.95646 1.015439E-3 9679.13028 9.603590E-4
 9691.39101 8.859400E-4 9702.28944 8.266960E-4 9713.18787 7.732330E-4
 9724.08631 7.248220E-4 9734.98474 6.808460E-4 9745.88317 6.407800E-4
 9756.78160 6.041730E-4 9767.68003 5.706400E-4 9778.57846 5.398430E-4
 9789.47689 5.114940E-4 9800.37532 4.853400E-4 9811.27376 4.611600E-4
 9822.17219 4.387600E-4 9833.07062 4.179700E-4 9849.41827 3.895450E-4
 9865.76591 3.638320E-4 9882.11356 3.407190E-4 9898.46120 3.196730E-4
 9914.80885 3.006250E-4 9931.15649 2.831810E-4 9947.50414 2.672980E-4
 9963.85178 2.526760E-4 9974.75021 2.436300E-4 9996.54711 2.269460E-4
 10018.3440 2.119310E-4 10040.1409 1.983830E-4 10061.9377 1.861170E-4
 10083.7346 1.749770E-4 10105.5314 1.648270E-4 10127.3283 1.555530E-4
 10149.1251 1.470580E-4 10170.9220 1.392540E-4 10192.7189 1.320710E-4
 10214.5158 1.254420E-4 10236.3126 1.193120E-4 10258.1095 1.136330E-4
 10279.9063 1.083590E-4 10301.7032 1.034550E-4 10312.6016 1.011580E-4
 10323.5000 9.904180E-5 10323.5000 4.933823E-2 10614.7930 4.838928E-2
 10759.1299 4.791906E-2 11062.7149 4.702549E-2 11374.8660 4.610670E-2
 11626.0920 4.536723E-2 11954.1396 4.451420E-2 12291.4436 4.363709E-2
 12441.8020 4.324610E-2 12792.8661 4.242703E-2 13153.8360 4.158485E-2
 13202.3616 4.147163E-2 13574.8860 4.068117E-2 13905.8942 3.997880E-2
 14298.2699 3.921255E-2 14552.1715 3.871671E-2 14962.7828 3.799597E-2
 15384.9802 3.725490E-2 15756.2677 3.660318E-2 16200.8544 3.591010E-2
 16657.9858 3.519745E-2 16724.2831 3.509410E-2 17196.1838 3.442106E-2
 17489.1270 3.400326E-2 17982.6090 3.336350E-2 18490.0152 3.270568E-2
 18702.4742 3.243025E-2 19230.1926 3.182008E-2 19772.8013 3.119270E-2
 20000.0000 3.093000E-2 20564.3300 3.037622E-2 21039.7901 2.990965E-2
 21633.4593 2.937130E-2 21993.8563 2.904449E-2 22614.4459 2.853602E-2
 23252.5465 2.801320E-2 23768.7505 2.759025E-2 24439.4214 2.709935E-2
 25129.0164 2.659461E-2 25193.3011 2.654755E-2 25904.1679 2.606945E-2
 26317.4691 2.579147E-2 27060.0560 2.533536E-2 27823.5960 2.486637E-2
 28098.4710 2.469754E-2 28891.3115 2.426077E-2 29706.5232 2.381167E-2
 30000.0000 2.365000E-2 30846.4950 2.325578E-2 31716.8751 2.285043E-2
 32237.0980 2.260816E-2 33146.7161 2.222573E-2 34023.7323 2.185700E-2
 34983.7629 2.149533E-2 35970.8823 2.112346E-2 36891.0462 2.077681E-2
 37931.9824 2.043302E-2 39002.2902 2.007952E-2 40000.0000 1.975000E-2
 41128.6600 1.942684E-2 42289.1668 1.909456E-2 42294.8506 1.909293E-2
 43488.2633 1.878747E-2 44715.3498 1.847340E-2 45977.0605 1.815046E-2
 45986.3298 1.814809E-2 47283.9031 1.785775E-2 48618.0893 1.755921E-2
 49989.9216 1.725226E-2 50000.0000 1.725000E-2 51410.8250 1.698129E-2
 52861.4585 1.670499E-2 54353.0239 1.642090E-2 54772.2558 1.634105E-2
 56317.7372 1.608650E-2 57906.8266 1.582476E-2 59540.7546 1.555564E-2
 60000.0000 1.548000E-2 61692.9900 1.524423E-2 63433.7503 1.500182E-2
 64807.4070 1.481052E-2 66636.0452 1.458495E-2 68516.2812 1.435302E-2
 70000.0000 1.417000E-2 71975.1550 1.395769E-2 74006.0420 1.373938E-2
 74833.1477 1.365048E-2 76944.6772 1.344595E-2 79115.7867 1.323565E-2
 80000.0000 1.315000E-2 82257.3200 1.296342E-2 84578.3337 1.277157E-2
 84852.8137 1.274888E-2 87247.0631 1.256799E-2 89708.8699 1.238200E-2
 90000.0000 1.236000E-2 92539.4850 1.219354E-2 94868.3298 1.204088E-2
 97545.1820 1.187871E-2 100000.000 1.173000E-2 102821.650 1.157116E-2
 105722.917 1.140783E-2 108706.048 1.123989E-2 109544.512 1.119269E-2
 112635.475 1.104113E-2 115813.654 1.088528E-2 119081.510 1.072504E-2
 120000.000 1.068000E-2 123385.980 1.057464E-2 126867.501 1.046630E-2
 129614.814 1.038081E-2 133272.090 1.027840E-2 137032.562 1.017310E-2
 140000.000 1.009000E-2 143950.310 1.001554E-2 148012.084 9.938972E-3
 152188.467 9.860247E-3 156482.693 9.779301E-3 160000.000 9.713000E-3
 164514.640 9.655213E-3 169156.667 9.595795E-3 173929.676 9.534700E-3
 178837.363 9.471882E-3 180000.000 9.457000E-3 185078.970 9.413067E-3
 190301.251 9.367894E-3 195670.886 9.321447E-3 200000.000 9.284000E-3
 205643.300 9.240545E-3 211445.834 9.195863E-3 217412.096 9.149921E-3
 223546.704 9.102683E-3 223606.798 9.102220E-3 250000.000 8.924000E-3
 250000.000 8.923922E-3 312816.851 8.792907E-3 350000.000 8.694018E-3
 400000.000 8.758993E-3 450000.000 8.755019E-3 500000.000 8.929989E-3
 550000.000 9.009021E-3 600000.000 9.264987E-3 650000.000 9.411023E-3
 700000.000 9.736983E-3 750000.000 9.932025E-3 800000.000 1.030998E-2
 850000.000 1.054936E-2 858597.733 9.848076E-3 866201.927 9.274514E-3
 870940.211 8.926320E-3 880826.289 8.262648E-3 891730.302 7.591316E-3
 900000.000 7.125255E-3 912247.713 6.852805E-3 930932.504 6.463872E-3
 950000.000 6.097074E-3 987339.717 5.748225E-3 1000000.00 5.635044E-3
 1076167.52 5.387450E-3 1136508.26 5.207391E-3 1200000.00 5.033032E-3
 1400000.00 5.217013E-3 1600000.00 5.687903E-3 1647813.71 5.333766E-3
 1684609.36 5.082641E-3 1741349.15 4.727947E-3 1800000.00 4.398032E-3
 1897366.60 4.146831E-3 2000000.00 3.910014E-3 2178402.56 3.726331E-3
 2400000.00 3.507007E-3 2600000.00 3.416997E-3 2800000.00 3.284998E-3
 3000000.00 3.119993E-3 3122499.00 2.952506E-3 3250000.00 2.794013E-3
 3500000.00 2.708988E-3 3622844.19 2.567822E-3 3750000.00 2.434011E-3
 4000000.00 2.346990E-3 4123105.63 2.224293E-3 4250000.00 2.108008E-3
 4500000.00 1.997992E-3 4623310.50 1.884264E-3 4750000.00 1.777006E-3
 4936698.59 1.682680E-3 5000000.00 1.651996E-3 5166733.69 1.536428E-3
 5283712.25 1.462463E-3 5354525.57 1.418968E-3 5560475.70 1.301672E-3
 5667179.34 1.241078E-3 5784178.83 1.179792E-3 5854950.36 1.143773E-3
 6167553.88 9.975990E-4 6284570.54 9.475610E-4 6355306.71 9.181620E-4
 6500000.00 8.629010E-4 6621547.94 8.216050E-4 6808144.80 7.633370E-4
 7000000.00 7.092010E-4 7121784.79 6.804480E-4 7308446.20 6.394920E-4
 7500000.00 6.010010E-4 7745966.69 5.651830E-4 8000000.00 5.315010E-4
 8362550.86 5.056690E-4 8500000.00 4.963020E-4 9000000.00 4.949010E-4
 9500000.00 5.243010E-4 10000000.0 5.776010E-4 10488088.5 6.440300E-4
 11000000.0 7.180990E-4 11813308.2 8.126740E-4 12000000.0 8.347980E-4
 13000000.0 8.954980E-4 14000000.0 9.001980E-4 15000000.0 8.485980E-4
 15491933.4 7.951680E-4 16000000.0 7.450980E-4 16244345.5 7.086340E-4
 16617878.1 6.572540E-4 17000000.0 6.095990E-4 17244667.2 5.733710E-4
 17430475.7 5.476200E-4 17712949.0 5.111450E-4 18122477.2 4.619700E-4
 18337904.7 4.361270E-4 18430855.1 4.254130E-4 18713263.9 3.951820E-4
 19122606.0 3.554800E-4 19338203.8 3.356300E-4 19431195.6 3.274000E-4
 19713546.4 3.041760E-4 20000000.0 2.826030E-4                      
