0	0.000102274
0.6	0.000102152
1.2	0.000102132
1.8	0.000102214
2.4	0.000102366
3	0.000102524
3.6	0.000102681
4.2	0.000102838
4.8	0.000102994
5.4	0.000103149
6	0.000103304
6.6	0.000103458
7.2	0.000103611
7.8	0.000103764
8.4	0.000103916
9	0.000104068
9.6	0.00010422
10	0.00010432
11	0.000104571
12	0.000104821
13	0.000105072
14	0.000105321
15	0.000105571
16	0.000105819
17	0.000106068
18	0.000106316
19	0.000106564
20	0.000106811
21	0.000107058
22	0.000107305
23	0.000107552
24	0.000107798
25	0.000108044
26	0.00010829
27	0.000108536
28	0.000108782
29	0.000109027
30	0.000109272
31	0.000109517
32	0.000109762
33	0.000110006
34	0.000110251
35	0.000110495
36	0.000110739
37	0.000110984
38	0.000111229
39	0.000111474
40	0.00011172
41	0.000111967
42	0.000112214
43	0.000112462
44	0.000112709
45	0.000112957
46	0.000113205
47	0.000113453
48	0.000113702
49	0.000113951
50	0.000114201
51	0.000114451
52	0.000114701
53	0.000114952
54	0.000115203
55	0.000115455
56	0.000115707
57	0.00011596
58	0.000116212
59	0.000116466
60	0.000116719
61	0.000116973
62	0.000117228
63	0.000117483
64	0.000117738
65	0.000117994
66	0.00011825
67	0.000118506
68	0.000118763
69	0.00011902
70	0.000119278
71	0.000119536
72	0.000119795
73	0.000120053
74	0.000120313
75	0.000120572
76	0.000120832
77	0.000121093
78	0.000121353
79	0.000121614
80	0.000121876
81	0.000122138
82	0.0001224
83	0.000122662
84	0.000122925
85	0.000123188
86	0.000123452
87	0.000123716
88	0.00012398
89	0.000124245
90	0.00012451
91	0.000124775
92	0.000125041
93	0.000125307
94	0.000125573
95	0.00012584
96	0.000126107
97	0.000126374
98	0.000126642
99	0.000126909
100	0.000127178
110	0.000129877
120	0.000132606
130	0.000135364
140	0.000138149
150	0.000140961
160	0.000143799
170	0.000146665
180	0.000149557
190	0.000152476
200	0.000155424
210	0.000158402
220	0.000161409
230	0.000164435
240	0.000167464
250	0.000170495
260	0.000173528
270	0.00017656
280	0.000179591
290	0.00018262
300	0.000185646
310	0.000188669
320	0.00019169
330	0.000194706
340	0.000197717
350	0.000200724
360	0.000203725
370	0.000206719
380	0.000209704
390	0.000212683
400	0.000215651
410	0.000218607
420	0.000221553
430	0.000224486
440	0.000227407
450	0.000230315
460	0.000233209
470	0.000236089
480	0.000238955
490	0.000241806
500	0.000244642
510	0.000247461
520	0.000250264
530	0.00025305
540	0.000255818
550	0.000258569
560	0.000261303
570	0.000264018
580	0.000266715
590	0.000269393
600	0.000272052
610	0.000274691
620	0.00027731
630	0.000279909
640	0.000282487
650	0.000285044
660	0.000287581
670	0.000290096
680	0.00029259
690	0.000295062
700	0.000297512
710	0.000299941
720	0.000302347
730	0.00030473
740	0.000307091
750	0.00030943
760	0.000311745
770	0.000314038
780	0.000316306
790	0.000318553
800	0.000320775
810	0.000322973
820	0.000325147
830	0.000327296
840	0.000329421
850	0.00033152
860	0.000333594
870	0.000335644
880	0.000337667
890	0.000339665
900	0.000341639
910	0.000343587
920	0.000345509
930	0.000347405
940	0.000349277
950	0.000351122
960	0.000352942
970	0.000354737
980	0.000356505
990	0.000358247
1000	0.000359965
1013	0.000362159
1026	0.000364309
1039	0.000366416
1052	0.000368479
1065	0.000370498
1078	0.000372474
1091	0.000374407
1104	0.000376295
1117	0.00037814
1130	0.000379941
1143	0.000381701
1156	0.000383417
1169	0.00038509
1182	0.000386718
1195	0.000388303
1208	0.000389847
1221	0.000391346
1234	0.000392805
1247	0.00039422
1260	0.000395594
1273	0.000396926
1286	0.000398218
1299	0.000399466
1312	0.000400675
1325	0.000401845
1338	0.000402964
1351	0.00040403
1364	0.000405042
1377	0.000406001
1390	0.000406904
1403	0.000407753
1416	0.000408549
1429	0.000409289
1442	0.000409975
1455	0.000410606
1468	0.000411185
1481	0.000411706
1494	0.000412174
1507	0.000412589
1520	0.000412948
1533	0.000413254
1546	0.000413505
1559	0.000413702
1572	0.000413844
1585	0.000413933
1598	0.000413967
1611	0.000413948
1624	0.000413875
1637	0.000413748
1650	0.000413568
1663	0.000413336
1676	0.00041305
1689	0.000412711
1702	0.000412318
1715	0.000411874
1728	0.000411377
1741	0.000410829
1754	0.000410229
1767	0.000409577
1780	0.000408873
1793	0.000408119
1806	0.000407314
1819	0.000406459
1832	0.000405553
1845	0.000404598
1858	0.000403593
1871	0.000402538
1884	0.000401435
1897	0.000400285
1910	0.000399085
1923	0.000397838
1936	0.000396544
1949	0.000395202
1962	0.000393814
1975	0.000392381
1988	0.000390902
2001	0.000389377
2014	0.000387808
2027	0.000386194
2040	0.000384536
2053	0.000382836
2066	0.000381093
2079	0.000379308
2092	0.00037748
2105	0.000375612
2118	0.000373703
2131	0.000371752
2144	0.00036976
2157	0.000367728
2170	0.000365656
2183	0.000363544
2196	0.000361394
2209	0.000359205
2222	0.00035698
2235	0.000354716
2248	0.000352417
2261	0.000350081
2274	0.000347709
2287	0.000345302
2300	0.000342861
2313	0.000340386
2326	0.000337878
2339	0.000335336
2352	0.000332763
2365	0.000330158
2378	0.000327522
2391	0.000324854
2404	0.000322158
2417	0.00031943
2430	0.000316673
2443	0.000313887
2456	0.000311073
2469	0.000308231
2482	0.000305362
2495	0.000302465
2508	0.000299544
2521	0.000296598
2534	0.000293627
2547	0.000290632
2560	0.000287614
2573	0.000284574
2586	0.000281512
2599	0.000278429
2612	0.000275327
2625	0.000272203
2638	0.00026906
2651	0.0002659
2664	0.000262721
2677	0.000259525
2690	0.000256313
2703	0.000253086
2716	0.000249844
2729	0.000246588
2742	0.000243319
2755	0.000240037
2768	0.000236744
2781	0.00023344
2794	0.000230127
2807	0.000226805
2820	0.000223475
2833	0.000220137
2846	0.000216793
2859	0.000213444
2872	0.00021009
2885	0.000206732
2898	0.000203371
2911	0.000200009
2924	0.000196645
2937	0.000193282
2950	0.000189918
2963	0.000186557
2976	0.000183198
2989	0.000179843
3002	0.000176491
3015	0.000173146
3028	0.000169807
3041	0.000166474
3054	0.00016315
3067	0.000159835
3080	0.000156531
3093	0.000153237
3106	0.000149956
3119	0.000146688
3132	0.000143434
3145	0.000140195
3158	0.000136972
3171	0.000133767
3184	0.00013058
3197	0.000127412
3210	0.000124264
3223	0.000121138
3236	0.000118035
3249	0.000114954
3262	0.000111899
3275	0.000108869
3288	0.000105865
3301	0.00010289
3314	9.99434E-05
3327	9.70269E-05
3340	9.41406E-05
3353	9.12855E-05
3366	8.84628E-05
3379	8.56734E-05
3392	8.29186E-05
3405	8.01994E-05
3418	7.75169E-05
3431	7.48722E-05
3444	7.22666E-05
3457	6.97011E-05
3470	6.71769E-05
3483	6.46951E-05
3496	6.22568E-05
3509	5.98633E-05
3522	5.75157E-05
3535	0.000055215
3548	5.29626E-05
3561	5.07596E-05
3574	4.86071E-05
3587	4.65063E-05
3600	4.44584E-05
3613	4.24647E-05
3626	4.05262E-05
3639	3.86441E-05
3652	3.68197E-05
3665	3.50541E-05
3678	3.33484E-05
3691	3.17039E-05
3704	3.01216E-05
3717	2.86026E-05
3730	0.000027133
3743	0.000025694
3756	2.42862E-05
3769	2.29104E-05
3782	2.15672E-05
3795	2.02573E-05
3808	1.89814E-05
3821	1.77403E-05
3834	1.65348E-05
3847	1.53653E-05
3860	1.42327E-05
3873	1.31377E-05
3886	1.20811E-05
3899	1.10635E-05
3912	1.00857E-05
3925	9.14831E-06
3938	8.25219E-06
3951	7.39804E-06
3964	6.58657E-06
3977	5.81851E-06
3990	5.0946E-06
4003	4.41556E-06
4016	3.78213E-06
4029	3.19505E-06
4042	2.65503E-06
4055	2.1628E-06
4068	1.7191E-06
4081	1.32464E-06
4094	9.80135E-07
4107	6.86294E-07
4120	4.43809E-07
4133	2.53354E-07
4146	1.1557E-07
4159	3.10349E-08
4172	1.51444E-10
4173	0
