 1.000000E-5 1.678462E+1 1.102400E-5 1.601290E+1 1.215040E-5 1.528066E+1
 1.345650E-5 1.455108E+1 1.483440E-5 1.388981E+1 1.635020E-5 1.326273E+1
 1.802440E-5 1.266583E+1 1.986620E-5 1.210006E+1 2.190050E-5 1.156181E+1
 2.413830E-5 1.105195E+1 2.661000E-5 1.056723E+1 2.932910E-5 1.010838E+1
 3.233230E-5 9.672504E+0 3.563620E-5 9.260254E+0 3.928520E-5 8.869010E+0
 4.329950E-5 8.499362E+0 4.773330E-5 8.148938E+0 5.261080E-5 7.818271E+0
 5.799800E-5 7.505219E+0 6.392450E-5 7.210240E+0 7.047010E-5 6.931419E+0
 7.876680E-5 6.632653E+0 8.804030E-5 6.353785E+0 9.840560E-5 6.093845E+0
 1.099910E-4 5.851915E+0 1.229410E-4 5.627094E+0 1.374150E-4 5.418556E+0
 1.535940E-4 5.225460E+0 1.716770E-4 5.047035E+0 1.918890E-4 4.882505E+0
 2.174640E-4 4.713211E+0 2.464970E-4 4.559265E+0 2.793500E-4 4.420134E+0
 3.166440E-4 4.294387E+0 3.639110E-4 4.169525E+0 4.182320E-4 4.058924E+0
 4.873500E-4 3.952262E+0 5.679990E-4 3.859528E+0 6.712050E-4 3.772611E+0
 8.041980E-4 3.693023E+0 9.771360E-4 3.621672E+0 1.204013E-3 3.559035E+0
 1.525134E-3 3.502194E+0 1.986797E-3 3.452663E+0 2.698259E-3 3.409516E+0
 3.874209E-3 3.372942E+0 6.046947E-3 3.342786E+0 1.069616E-2 3.319407E+0
 2.364177E-2 3.302738E+0 2.497352E-2 3.302002E+0 2.530000E-2 3.301834E+0
 0.10314146 3.291981E+0 29.2686403 3.236101E+0 126.307183 3.094116E+0
 217.237500 2.958295E+0 276.800000 2.848937E+0 318.300000 2.755110E+0
 353.213903 2.659143E+0 383.300000 2.559275E+0 408.300000 2.460142E+0
 430.800000 2.353562E+0 448.300000 2.256439E+0 463.300000 2.160459E+0
 478.300000 2.050000E+0 492.050000 1.933076E+0 503.300000 1.823740E+0
 512.675000 1.721231E+0 520.800000 1.623032E+0 528.300000 1.523066E+0
 535.800000 1.413096E+0 540.800000 1.333575E+0 545.800000 1.248600E+0
 550.800000 1.157738E+0 555.800000 1.060568E+0 560.800000 9.567180E-1
 565.800000 8.459341E-1 569.550000 7.581870E-1 574.237500 6.433571E-1
 577.987500 5.478464E-1 584.081250 3.877766E-1 588.300000 2.769078E-1
 590.409375 2.230052E-1 592.050000 1.824945E-1 593.417188 1.500431E-1
 594.393750 1.278356E-1 595.175000 1.107945E-1 595.878125 9.607469E-2
 596.581250 8.200995E-2 597.147657 7.120303E-2 597.635938 6.230995E-2
 598.124219 5.384929E-2 598.514844 4.741158E-2 598.885938 4.158418E-2
 599.227735 3.647909E-2 599.569532 3.163968E-2 599.882032 2.746119E-2
 600.116407 2.448958E-2 600.350782 2.166283E-2 600.585157 1.898600E-2
 600.800000 1.666831E-2 600.995313 1.467784E-2 601.151563 1.316766E-2
 601.327344 1.155844E-2 601.444532 1.053963E-2 601.591016 9.328322E-3
 601.737500 8.187597E-3 601.859571 7.292073E-3 601.981641 6.447643E-3
 602.079297 5.809520E-3 602.167188 5.264090E-3 602.245313 4.802541E-3
 602.342969 4.256823E-3 602.421094 3.845541E-3 602.508985 3.410079E-3
 602.577344 3.091562E-3 602.645704 2.790890E-3 602.714063 2.508261E-3
 602.762891 2.317529E-3 602.811719 2.136165E-3 602.860547 1.964238E-3
 602.909375 1.801819E-3 602.967969 1.619564E-3 603.007032 1.505783E-3
 603.046094 1.398227E-3 603.082715 1.303075E-3 603.133985 1.179160E-3
 603.168165 1.102615E-3 603.214551 1.006547E-3 603.251172 9.370950E-4
 603.287793 8.733170E-4 603.319532 8.226560E-4 603.348829 7.797140E-4
 603.378125 7.404590E-4 603.412305 6.993400E-4 603.446485 6.632860E-4
 603.475782 6.364340E-4 603.505079 6.133380E-4 603.529493 5.969750E-4
 603.553907 5.832410E-4 603.583204 5.702460E-4 603.612501 5.610700E-4
 603.644239 5.554580E-4 603.668653 5.542180E-4 603.697950 5.562770E-4
 603.722364 5.609590E-4 603.754102 5.710970E-4 603.783399 5.845360E-4
 603.812696 6.019120E-4 603.845655 6.261860E-4 603.868848 6.462800E-4
 603.893262 6.701320E-4 603.920118 6.995800E-4 603.949415 7.355560E-4
 603.983595 7.826300E-4 604.012892 8.273740E-4 604.042188 8.761910E-4
 604.078809 9.429720E-4 604.115430 1.016185E-3 604.154493 1.101408E-3
 604.198438 1.206132E-3 604.242384 1.320289E-3 604.291212 1.458264E-3
 604.342481 1.615847E-3 604.393750 1.786547E-3 604.442579 1.961414E-3
 604.491407 2.148359E-3 604.540235 2.347474E-3 604.589063 2.558849E-3
 604.647657 2.828813E-3 604.706251 3.116722E-3 604.764845 3.422734E-3
 604.823438 3.747005E-3 604.891798 4.148629E-3 604.960157 4.575588E-3
 605.028516 5.028148E-3 605.116407 5.648063E-3 605.194532 6.235456E-3
 605.292188 7.018464E-3 605.370313 7.684391E-3 605.458204 8.476118E-3
 605.555860 9.409375E-3 605.653516 1.039984E-2 605.751172 1.144839E-2
 605.858594 1.266994E-2 605.975782 1.408533E-2 606.092969 1.558863E-2
 606.210157 1.718146E-2 606.346875 1.915502E-2 606.464063 2.094733E-2
 606.620313 2.348457E-2 606.776563 2.619401E-2 606.942579 2.926598E-2
 607.089063 3.214576E-2 607.235547 3.518794E-2 607.382032 3.839625E-2
 607.577344 4.293898E-2 607.733594 4.679697E-2 607.909375 5.138157E-2
 608.085157 5.623184E-2 608.260938 6.135506E-2 608.495313 6.862375E-2
 608.680860 7.474401E-2 608.885938 8.189708E-2 609.091016 8.947099E-2
 609.296094 9.747948E-2 609.569532 1.088584E-1 609.794141 1.188275E-1
 610.057813 1.312772E-1 610.321485 1.445682E-1 610.585157 1.587373E-1
 610.848829 1.738203E-1 611.112500 1.898519E-1 611.405469 2.088228E-1
 611.698438 2.290689E-1 611.991407 2.506547E-1 612.284375 2.736482E-1
 612.577344 2.981197E-1 612.870313 3.241425E-1 613.163282 3.517937E-1
 613.456250 3.811545E-1 613.749219 4.123109E-1 614.139844 4.568033E-1
 614.471875 4.974297E-1 614.823438 5.434353E-1 615.175000 5.927038E-1
 615.526563 6.454402E-1 615.878125 7.018642E-1 616.229688 7.622116E-1
 616.581250 8.267350E-1 616.932813 8.957067E-1 617.284375 9.694183E-1
 617.635938 1.048185E+0 617.987500 1.132344E+0 618.397657 1.237834E+0
 618.807813 1.351793E+0 619.217969 1.474907E+0 619.628125 1.607931E+0
 620.038282 1.751693E+0 620.448438 1.907101E+0 620.858594 2.075154E+0
 621.268750 2.256954E+0 621.678907 2.453716E+0 622.089063 2.666784E+0
 622.499219 2.897643E+0 622.909375 3.147944E+0 623.319532 3.419519E+0
 623.729688 3.714410E+0 624.139844 4.034891E+0 624.550000 4.383504E+0
 624.948438 4.751782E+0 625.346875 5.152187E+0 625.745313 5.588080E+0
 626.143750 6.063316E+0 626.542188 6.581900E+0 626.940625 7.148086E+0
 627.339063 7.767254E+0 627.737500 8.445907E+0 628.135938 9.191088E+0
 628.534375 1.001055E+1 628.925000 1.089470E+1 629.300000 1.182781E+1
 629.675000 1.285359E+1 630.050000 1.398349E+1 630.425000 1.523069E+1
 630.800000 1.661044E+1 631.128125 1.794034E+1 631.456250 1.939898E+1
 631.784375 2.100212E+1 632.112500 2.276795E+1 632.440625 2.471748E+1
 632.768750 2.687515E+1 632.987500 2.844311E+1 633.206250 3.012578E+1
 633.425000 3.193385E+1 633.643750 3.387930E+1 633.862500 3.597549E+1
 634.081250 3.823743E+1 634.300000 4.068192E+1 634.557813 4.382305E+1
 634.815625 4.727905E+1 635.073438 5.109043E+1 635.331250 5.530474E+1
 635.589063 5.997865E+1 635.831250 6.484788E+1 636.065625 7.006425E+1
 636.300000 7.584598E+1 636.534375 8.227314E+1 636.690625 8.696234E+1
 636.846875 9.201202E+1 636.995313 9.717595E+1 637.206250 1.051988E+2
 637.417188 1.141302E+2 637.557813 1.206553E+2 637.698438 1.276905E+2
 637.839063 1.352880E+2 637.979688 1.435067E+2 638.112500 1.518989E+2
 638.237500 1.604143E+2 638.362500 1.695882E+2 638.487500 1.794871E+2
 638.612500 1.901859E+2 638.737500 2.017689E+2 638.862500 2.143313E+2
 638.987500 2.279810E+2 639.104688 2.418736E+2 639.214063 2.558994E+2
 639.323438 2.710545E+2 639.432813 2.874561E+2 639.542188 3.052357E+2
 639.651563 3.245415E+2 639.760938 3.455409E+2 639.870313 3.684227E+2
 639.967969 3.906169E+2 640.096875 4.227634E+2 640.225782 4.585669E+2
 640.311719 4.847184E+2 640.397657 5.128937E+2 640.483594 5.432795E+2
 640.569532 5.760810E+2 640.651563 6.098484E+2 640.768750 6.626736E+2
 640.846875 7.011780E+2 640.925000 7.425567E+2 641.003125 7.870310E+2
 641.081250 8.348306E+2 641.159375 8.861907E+2 641.237500 9.413479E+2
 641.342969 1.022245E+3 641.448438 1.111022E+3 641.553907 1.208143E+3
 641.659375 1.313940E+3 641.764844 1.428561E+3 641.862500 1.542464E+3
 641.987500 1.698576E+3 642.112500 1.864876E+3 642.353125 2.203874E+3
 642.565625 2.504166E+3 642.725000 2.712774E+3 642.850000 2.856792E+3
 642.943750 2.949273E+3 643.037500 3.025711E+3 643.131250 3.084033E+3
 643.225000 3.122643E+3 643.328750 3.141175E+3 643.337500 3.141555E+3
 643.426563 3.134958E+3 643.515625 3.109612E+3 643.606250 3.065441E+3
 643.700000 3.001694E+3 643.793750 2.921550E+3 643.918750 2.793267E+3
 644.059375 2.626730E+3 644.267188 2.355743E+3 644.535938 1.998090E+3
 644.670313 1.827903E+3 644.815625 1.655358E+3 644.932813 1.526386E+3
 645.050000 1.407091E+3 645.167188 1.297544E+3 645.284375 1.197506E+3
 645.401563 1.106510E+3 645.518750 1.023963E+3 645.635938 9.491972E+2
 645.753125 8.815266E+2 645.870313 8.202744E+2 645.987500 7.647986E+2
 646.089063 7.209277E+2 646.190625 6.805873E+2 646.292188 6.434479E+2
 646.393750 6.092111E+2 646.495313 5.776053E+2 646.596875 5.483866E+2
 646.749219 5.085581E+2 646.862500 4.817160E+2 646.987500 4.545306E+2
 647.112500 4.296325E+2 647.237500 4.067802E+2 647.362500 3.857615E+2
 647.487500 3.663897E+2 647.675000 3.400653E+2 647.800000 3.241324E+2
 647.956250 3.058204E+2 648.112500 2.890997E+2 648.268750 2.737918E+2
 648.425000 2.597422E+2 648.581250 2.468168E+2 648.815625 2.292850E+2
 649.050000 2.136887E+2 649.268750 2.006348E+2 649.487500 1.888401E+2
 649.706250 1.781461E+2 649.925000 1.684172E+2 650.143750 1.595372E+2
 650.362500 1.514073E+2 650.581250 1.439434E+2 650.800000 1.370739E+2
 651.081250 1.290164E+2 651.362500 1.217269E+2 651.643750 1.151095E+2
 651.925000 1.090826E+2 652.206250 1.035764E+2 652.487500 9.853141E+1
 652.909375 9.171827E+1 653.206250 8.739822E+1 653.518750 8.322084E+1
 653.987500 7.757699E+1 654.456250 7.257574E+1 654.925000 6.812046E+1
 655.393750 6.413223E+1 655.784375 6.111849E+1 656.253125 5.782758E+1
 656.721875 5.484961E+1 657.190625 5.214274E+1 657.659375 4.967024E+1
 658.362500 4.634316E+1 659.065625 4.340900E+1 659.800000 4.069940E+1
 660.550000 3.825331E+1 661.300000 3.607724E+1 662.050000 3.412769E+1
 662.800000 3.237480E+1 663.300000 3.130243E+1 664.237500 2.947263E+1
 665.175000 2.784739E+1 666.112500 2.639591E+1 667.050000 2.509307E+1
 667.987500 2.391823E+1 668.925000 2.285429E+1 670.331250 2.143573E+1
 671.737500 2.019609E+1 673.143750 1.910490E+1 674.550000 1.813807E+1
 675.956250 1.727630E+1 677.362500 1.650408E+1 679.237500 1.559486E+1
 681.112500 1.479472E+1 682.987500 1.408825E+1 684.862500 1.346044E+1
 686.737500 1.289931E+1 688.612500 1.239505E+1 691.425000 1.172833E+1
 694.237500 1.115059E+1 697.050000 1.064562E+1 699.862500 1.020086E+1
 702.675000 9.806370E+0 706.425000 9.345174E+0 710.175000 8.944941E+0
 713.612500 8.622761E+0 718.300000 8.238047E+0 723.300000 7.885211E+0
 728.300000 7.580236E+0 733.300000 7.314137E+0 740.800000 6.973237E+0
 748.300000 6.687404E+0 755.800000 6.444424E+0 763.300000 6.235416E+0
 772.050000 6.025899E+0 783.300000 5.798869E+0 794.550000 5.608903E+0
 808.300000 5.415117E+0 823.300000 5.240222E+0 841.954778 5.062298E+0
 863.883446 4.894621E+0 889.466890 4.738261E+0 918.705113 4.597214E+0
 955.252890 4.459599E+0 999.110228 4.332908E+0 1050.27712 4.220246E+0
 1116.06312 4.111352E+0 1196.46823 4.012875E+0 1298.80200 3.920575E+0
 1437.68356 3.828915E+0 1838.59806 3.628324E+0 1926.37119 3.563452E+0
 1977.18723 3.504393E+0 2011.83452 3.441695E+0 2036.08762 3.374594E+0
 2053.41127 3.303764E+0 2063.80546 3.245240E+0 2074.32000 3.165973E+0
 2082.22000 3.085595E+0 2087.55250 3.016051E+0 2092.88500 2.928585E+0
 2096.44000 2.856473E+0 2099.99500 2.769267E+0 2102.66125 2.690854E+0
 2105.22875 2.601578E+0 2107.74688 2.497031E+0 2109.42563 2.415484E+0
 2111.25250 2.313172E+0 2112.73375 2.217319E+0 2114.21500 2.107283E+0
 2115.20250 2.024474E+0 2116.19000 1.932730E+0 2117.17750 1.830610E+0
 2118.16500 1.716390E+0 2118.95500 1.614938E+0 2119.74500 1.503241E+0
 2120.33750 1.411944E+0 2120.93000 1.313513E+0 2121.57188 1.198105E+0
 2122.06563 1.102686E+0 2122.55938 1.001242E+0 2123.05313 8.937288E-1
 2123.59625 7.688035E-1 2124.18875 6.260214E-1 2124.92938 4.444104E-1
 2125.17625 3.858403E-1 2125.34413 3.475758E-1 2125.48238 3.174613E-1
 2125.62063 2.890197E-1 2125.72432 2.690676E-1 2125.82800 2.505623E-1
 2125.90700 2.376034E-1 2125.98600 2.257878E-1 2126.06500 2.152772E-1
 2126.14400 2.062558E-1 2126.20325 2.005920E-1 2126.26250 1.959828E-1
 2126.32175 1.925381E-1 2126.38100 1.903803E-1 2126.43038 1.896627E-1
 2126.47975 1.900197E-1 2126.52913 1.915467E-1 2126.57850 1.943472E-1
 2126.63035 1.987854E-1 2126.68219 2.049002E-1 2126.72910 2.120139E-1
 2126.76613 2.187794E-1 2126.80316 2.266363E-1 2126.83772 2.350209E-1
 2126.88216 2.474052E-1 2126.92660 2.617361E-1 2126.95993 2.738626E-1
 2126.99325 2.872517E-1 2127.03029 3.037226E-1 2127.06732 3.219777E-1
 2127.10435 3.421538E-1 2127.14138 3.643941E-1 2127.17841 3.888537E-1
 2127.21050 4.119746E-1 2127.25000 4.430704E-1 2127.28704 4.750702E-1
 2127.32160 5.075975E-1 2127.36110 5.481755E-1 2127.39443 5.854493E-1
 2127.42775 6.256944E-1 2127.46479 6.741883E-1 2127.50182 7.269221E-1
 2127.53885 7.842434E-1 2127.57588 8.465147E-1 2127.61291 9.141274E-1
 2127.65488 9.977532E-1 2127.68450 1.061589E+0 2127.71413 1.129721E+0
 2127.74375 1.202371E+0 2127.77832 1.293284E+0 2127.81288 1.391222E+0
 2127.84744 1.496724E+0 2127.88200 1.610342E+0 2127.92150 1.750892E+0
 2127.96100 1.903753E+0 2128.00050 2.069936E+0 2128.04000 2.250525E+0
 2128.07704 2.433992E+0 2128.11407 2.632120E+0 2128.15110 2.846048E+0
 2128.18813 3.076934E+0 2128.22516 3.326008E+0 2128.26219 3.594572E+0
 2128.29923 3.884082E+0 2128.33625 4.195748E+0 2128.37329 4.531436E+0
 2128.41032 4.892492E+0 2128.44735 5.280688E+0 2128.48438 5.697789E+0
 2128.52141 6.145637E+0 2128.55844 6.626148E+0 2128.59548 7.141461E+0
 2128.63250 7.693208E+0 2128.67694 8.407024E+0 2128.72138 9.180612E+0
 2128.76582 1.001790E+1 2128.81025 1.092272E+1 2128.85469 1.189958E+1
 2128.89913 1.295248E+1 2128.94357 1.408564E+1 2128.98800 1.530300E+1
 2129.03244 1.660934E+1 2129.07688 1.800854E+1 2129.12132 1.950467E+1
 2129.16575 2.110128E+1 2129.21019 2.280284E+1 2129.25463 2.461252E+1
 2129.31388 2.719903E+1 2129.37313 2.999022E+1 2129.43238 3.299160E+1
 2129.49163 3.620716E+1 2129.55088 3.963919E+1 2129.61013 4.328799E+1
 2129.66938 4.715173E+1 2129.72863 5.122618E+1 2129.81750 5.771694E+1
 2129.89157 6.345233E+1 2129.99032 7.150798E+1 2130.11375 8.211037E+1
 2130.46925 1.138579E+2 2130.58775 1.239483E+2 2130.70625 1.332997E+2
 2130.81587 1.410356E+2 2130.92350 1.475605E+2 2130.99460 1.512003E+2
 2131.07360 1.545567E+2 2131.17433 1.577144E+2 2131.23950 1.590576E+2
 2131.33825 1.600191E+2 2131.35800 1.600554E+2 2131.43503 1.597038E+2
 2131.51008 1.586192E+2 2131.59402 1.565711E+2 2131.68684 1.533412E+2
 2131.78263 1.490389E+2 2131.88138 1.436984E+2 2131.99494 1.366113E+2
 2132.12332 1.276714E+2 2132.32082 1.127820E+2 2132.54300 9.570196E+1
 2132.69113 8.478930E+1 2132.78988 7.791019E+1 2132.88863 7.142350E+1
 2132.99725 6.479307E+1 2133.08613 5.978386E+1 2133.17500 5.515794E+1
 2133.26388 5.091265E+1 2133.35275 4.704012E+1 2133.43669 4.371122E+1
 2133.51075 4.102657E+1 2133.58482 3.856523E+1 2133.65888 3.631432E+1
 2133.73294 3.425934E+1 2133.80700 3.238592E+1 2133.88107 3.067951E+1
 2133.95513 2.912657E+1 2134.02919 2.771337E+1 2134.10325 2.642706E+1
 2134.20200 2.488857E+1 2134.30075 2.352801E+1 2134.39950 2.232179E+1
 2134.49825 2.124906E+1 2134.59700 2.029158E+1 2134.69575 1.943354E+1
 2134.79450 1.866132E+1 2134.94263 1.763890E+1 2135.06113 1.691958E+1
 2135.19938 1.617202E+1 2135.33763 1.550722E+1 2135.47588 1.491175E+1
 2135.68325 1.412568E+1 2135.89063 1.344421E+1 2136.09800 1.284707E+1
 2136.30044 1.233086E+1 2136.50288 1.186962E+1 2136.80654 1.126271E+1
 2137.11019 1.073886E+1 2137.41385 1.028194E+1 2137.71750 9.879869E+0
 2138.08782 9.450351E+0 2138.45813 9.075672E+0 2138.95188 8.644708E+0
 2139.44563 8.276532E+0 2139.93938 7.958417E+0 2140.43313 7.680864E+0
 2141.17375 7.325218E+0 2141.90204 7.031444E+0 2142.60563 6.788732E+0
 2143.54375 6.514135E+0 2144.48188 6.283358E+0 2145.42000 6.086790E+0
 2146.40750 5.909117E+0 2147.88875 5.686204E+0 2149.37000 5.503171E+0
 2151.14750 5.322614E+0 2152.92500 5.174156E+0 2154.99875 5.030939E+0
 2157.66500 4.881865E+0 2160.33125 4.761712E+0 2162.99750 4.662796E+0
 2166.55250 4.555215E+0 2171.88500 4.430534E+0 2177.41500 4.332529E+0
 2183.34000 4.251196E+0 2191.24000 4.168071E+0 2202.87910 4.079236E+0
 2216.29123 4.006788E+0 2236.40943 3.931991E+0 2264.35135 3.863935E+0
 2304.58774 3.801259E+0 2367.17767 3.740003E+0 2483.69907 3.667044E+0
 2664.33837 3.566523E+0 2730.88969 3.509595E+0 2768.91901 3.456132E+0
 2791.58000 3.403194E+0 2802.92000 3.362360E+0 2810.48000 3.324392E+0
 2818.04000 3.270706E+0 2823.39500 3.215757E+0 2828.12000 3.146009E+0
 2831.27000 3.080207E+0 2833.37000 3.022354E+0 2835.47000 2.947285E+0
 2837.15000 2.868759E+0 2838.41000 2.793982E+0 2839.56500 2.708265E+0
 2840.35250 2.636934E+0 2841.14000 2.551544E+0 2841.83300 2.461111E+0
 2842.29500 2.390590E+0 2842.75700 2.309811E+0 2843.15600 2.230012E+0
 2843.49200 2.154190E+0 2843.82800 2.069199E+0 2844.16400 1.973971E+0
 2844.54200 1.854383E+0 2845.17200 1.640038E+0 2845.38200 1.576388E+0
 2845.53950 1.538122E+0 2845.64450 1.519690E+0 2845.74950 1.508942E+0
 2845.80200 1.507078E+0 2845.88075 1.509464E+0 2845.95950 1.518997E+0
 2846.01200 1.529876E+0 2846.09600 1.555826E+0 2846.15900 1.582994E+0
 2846.22200 1.617526E+0 2846.28500 1.660137E+0 2846.34800 1.711561E+0
 2846.41100 1.772543E+0 2846.47400 1.843840E+0 2846.53700 1.926205E+0
 2846.60000 2.020380E+0 2846.66300 2.127087E+0 2846.73125 2.257627E+0
 2846.80213 2.410501E+0 2846.87300 2.581796E+0 2846.94388 2.772272E+0
 2847.01475 2.982451E+0 2847.06200 3.133753E+0 2847.13025 3.368262E+0
 2847.19850 3.621701E+0 2847.26675 3.893970E+0 2847.35863 4.289679E+0
 2847.45313 4.730236E+0 2847.55550 5.243219E+0 2847.67625 5.890581E+0
 2847.80750 6.636293E+0 2848.03850 8.011727E+0 2848.25165 9.281778E+0
 2848.39760 1.010802E+1 2848.54040 1.085282E+1 2848.66640 1.143928E+1
 2848.76720 1.185102E+1 2848.85120 1.215056E+1 2848.95200 1.245376E+1
 2849.07800 1.274195E+1 2849.17250 1.289007E+1 2849.27750 1.298615E+1
 2849.36938 1.301225E+1 2849.48750 1.296977E+1 2849.62400 1.282204E+1
 2849.75000 1.260232E+1 2849.87600 1.231469E+1 2850.03350 1.187920E+1
 2850.19100 1.138326E+1 2850.71600 9.590344E+0 2850.88400 9.047036E+0
 2851.05200 8.542547E+0 2851.22000 8.083449E+0 2851.38800 7.672334E+0
 2851.54550 7.330106E+0 2851.70300 7.027530E+0 2851.86050 6.761421E+0
 2852.01800 6.528037E+0 2852.22800 6.261009E+0 2852.43800 6.036302E+0
 2852.64800 5.845982E+0 2852.85800 5.683363E+0 2853.06800 5.543025E+0
 2853.40400 5.354477E+0 2853.74000 5.199428E+0 2854.07600 5.069262E+0
 2854.41200 4.958126E+0 2854.92650 4.815855E+0 2855.44100 4.698943E+0
 2856.21275 4.557652E+0 2856.99500 4.444231E+0 2858.04500 4.324456E+0
 2859.25250 4.218210E+0 2860.61750 4.125377E+0 2862.35000 4.035159E+0
 2864.45000 3.952844E+0 2867.60000 3.863582E+0 2871.38000 3.788336E+0
 2876.42000 3.717931E+0 2883.98000 3.645688E+0 2896.37000 3.566380E+0
 2923.66433 3.441934E+0 2942.55298 3.354105E+0 2955.59514 3.279366E+0
 2964.58974 3.215399E+0 2973.58433 3.134922E+0 2979.94109 3.063331E+0
 2986.54000 2.969903E+0 2991.02000 2.890686E+0 2995.50000 2.793431E+0
 2998.86000 2.704366E+0 3001.58000 2.618975E+0 3003.98000 2.530749E+0
 3006.38000 2.427218E+0 3007.98000 2.347618E+0 3009.58000 2.257631E+0
 3011.18000 2.155120E+0 3012.38000 2.068411E+0 3013.74000 1.958016E+0
 3014.70000 1.871001E+0 3015.66000 1.775188E+0 3016.62000 1.669289E+0
 3017.42000 1.572285E+0 3018.22000 1.466301E+0 3019.02000 1.350291E+0
 3019.62000 1.256053E+0 3020.10000 1.175872E+0 3020.66000 1.076681E+0
 3021.22000 9.712467E-1 3021.78000 8.596297E-1 3022.38000 7.337671E-1
 3023.18000 5.590506E-1 3023.64000 4.585451E-1 3023.94000 3.952204E-1
 3024.14000 3.549980E-1 3024.30000 3.245424E-1 3024.46000 2.961447E-1
 3024.58000 2.765623E-1 3024.70000 2.587983E-1 3024.78000 2.481506E-1
 3024.86000 2.386096E-1 3024.94000 2.303242E-1 3025.02000 2.234639E-1
 3025.10000 2.182227E-1 3025.16000 2.154869E-1 3025.22000 2.138922E-1
 3025.28000 2.135565E-1 3025.34000 2.146114E-1 3025.39000 2.166582E-1
 3025.44000 2.198666E-1 3025.49000 2.243405E-1 3025.54000 2.301938E-1
 3025.58500 2.367449E-1 3025.63000 2.446158E-1 3025.66000 2.506503E-1
 3025.71000 2.622157E-1 3025.76000 2.758204E-1 3025.80000 2.883029E-1
 3025.84000 3.023243E-1 3025.88500 3.200860E-1 3025.92500 3.377841E-1
 3025.96750 3.587220E-1 3026.01500 3.849479E-1 3026.06000 4.127907E-1
 3026.10000 4.402043E-1 3026.14125 4.713234E-1 3026.18625 5.088512E-1
 3026.22750 5.468163E-1 3026.26800 5.876934E-1 3026.30800 6.318590E-1
 3026.34700 6.788450E-1 3026.39000 7.355153E-1 3026.42000 7.783044E-1
 3026.45600 8.334401E-1 3026.49200 8.929951E-1 3026.53200 9.647452E-1
 3026.57200 1.042830E+0 3026.60800 1.118947E+0 3026.64400 1.201017E+0
 3026.68200 1.294581E+0 3026.72400 1.406926E+0 3026.76600 1.529416E+0
 3026.79800 1.630075E+0 3026.83400 1.751446E+0 3026.87000 1.882012E+0
 3026.90600 2.022417E+0 3026.94400 2.182058E+0 3026.98400 2.363716E+0
 3027.02400 2.560389E+0 3027.06400 2.773213E+0 3027.10800 3.027421E+0
 3027.14400 3.252232E+0 3027.18000 3.493252E+0 3027.21600 3.751531E+0
 3027.25200 4.028175E+0 3027.28800 4.324345E+0 3027.32400 4.641260E+0
 3027.36000 4.980195E+0 3027.39600 5.342486E+0 3027.43200 5.729526E+0
 3027.46800 6.142771E+0 3027.51000 6.660030E+0 3027.55200 7.217524E+0
 3027.59400 7.817867E+0 3027.63600 8.463781E+0 3027.67800 9.158091E+0
 3027.72000 9.903725E+0 3027.76200 1.070370E+1 3027.80400 1.156113E+1
 3027.84600 1.247921E+1 3027.88800 1.346119E+1 3027.93200 1.456211E+1
 3027.98000 1.585184E+1 3028.02800 1.723912E+1 3028.07600 1.872909E+1
 3028.12400 2.032690E+1 3028.17200 2.203768E+1 3028.22000 2.386647E+1
 3028.26800 2.581820E+1 3028.31600 2.789769E+1 3028.36400 3.010950E+1
 3028.42800 3.327189E+1 3028.49200 3.668664E+1 3028.55600 4.036199E+1
 3028.62000 4.430472E+1 3028.68400 4.851999E+1 3028.74800 5.301101E+1
 3028.81200 5.777882E+1 3028.87600 6.282209E+1 3028.96800 7.054581E+1
 3029.05200 7.806891E+1 3029.13600 8.601472E+1 3029.24800 9.720332E+1
 3029.38800 1.119808E+2 3029.62800 1.385343E+2 3029.85200 1.632374E+2
 3030.00400 1.789977E+2 3030.14000 1.918350E+2 3030.23600 1.999389E+2
 3030.33200 2.070942E+2 3030.42560 2.130410E+2 3030.50800 2.173571E+2
 3030.59120 2.207846E+2 3030.70256 2.238381E+2 3030.80240 2.250391E+2
 3030.83440 2.251137E+2 3030.93040 2.244378E+2 3031.03360 2.222344E+2
 3031.14800 2.180826E+2 3031.26800 2.119392E+2 3031.38800 2.041640E+2
 3031.50800 1.949971E+2 3031.62800 1.847055E+2 3031.78800 1.697200E+2
 3032.22800 1.260488E+2 3032.37000 1.125699E+2 3032.50600 1.004041E+2
 3032.60800 9.185877E+1 3032.71000 8.386304E+1 3032.81200 7.644568E+1
 3032.89200 7.104181E+1 3032.97200 6.600226E+1 3033.05200 6.132268E+1
 3033.13200 5.699482E+1 3033.21200 5.300713E+1 3033.29200 4.934546E+1
 3033.37200 4.599361E+1 3033.45200 4.293393E+1 3033.53200 4.014784E+1
 3033.61200 3.761625E+1 3033.69200 3.531996E+1 3033.77200 3.324000E+1
 3033.85200 3.135793E+1 3033.93200 2.965599E+1 3034.01200 2.811735E+1
 3034.09200 2.672615E+1 3034.19400 2.514293E+1 3034.29600 2.374749E+1
 3034.39800 2.251483E+1 3034.50000 2.142283E+1 3034.60200 2.045210E+1
 3034.70400 1.958582E+1 3034.84000 1.856841E+1 3034.97600 1.768225E+1
 3035.11200 1.690402E+1 3035.28000 1.606413E+1 3035.38000 1.561729E+1
 3035.58000 1.482092E+1 3035.78000 1.413081E+1 3035.98000 1.352550E+1
 3036.18000 1.298915E+1 3036.48000 1.228861E+1 3036.78000 1.168764E+1
 3037.08000 1.116567E+1 3037.38000 1.070767E+1 3037.78000 1.017740E+1
 3038.18000 9.721141E+0 3038.66000 9.251075E+0 3039.08000 8.895455E+0
 3039.50000 8.582075E+0 3040.06000 8.217851E+0 3040.62000 7.903362E+0
 3041.22000 7.610817E+0 3041.82000 7.355643E+0 3042.62000 7.062200E+0
 3043.42000 6.811570E+0 3044.22000 6.595054E+0 3045.42000 6.320462E+0
 3046.62000 6.092536E+0 3047.70000 5.918252E+0 3049.06000 5.731154E+0
 3050.42000 5.572348E+0 3052.46000 5.374681E+0 3054.86000 5.188363E+0
 3057.26000 5.038197E+0 3059.82000 4.907109E+0 3062.70000 4.786229E+0
 3066.54000 4.656784E+0 3071.02000 4.538263E+0 3075.50000 4.444252E+0
 3081.64832 4.342888E+0 3088.31437 4.257871E+0 3097.54762 4.168527E+0
 3111.39748 4.072527E+0 3125.24734 4.004212E+0 3142.17494 3.943038E+0
 3166.79691 3.879591E+0 3207.09615 3.810559E+0 3263.07267 3.748388E+0
 3368.02864 3.671194E+0 3542.95524 3.557366E+0 3612.92588 3.492253E+0
 3661.84000 3.425725E+0 3695.30500 3.360238E+0 3721.49500 3.288428E+0
 3738.95500 3.223931E+0 3752.05000 3.162147E+0 3765.14500 3.083454E+0
 3773.87500 3.017727E+0 3782.60500 2.937223E+0 3789.15250 2.863630E+0
 3795.70000 2.774879E+0 3802.24750 2.665731E+0 3806.61250 2.577878E+0
 3810.97750 2.474163E+0 3814.16032 2.385996E+0 3817.16125 2.290823E+0
 3820.16219 2.181121E+0 3822.98125 2.061879E+0 3824.80000 1.974903E+0
 3826.61875 1.878624E+0 3828.43750 1.771580E+0 3830.07438 1.664612E+0
 3831.71125 1.546068E+0 3832.93891 1.448594E+0 3834.16657 1.342941E+0
 3834.98500 1.267555E+0 3836.00350 1.167818E+0 3837.02200 1.061211E+0
 3838.04050 9.475396E-1 3839.05900 8.268483E-1 3840.07750 6.997142E-1
 3841.24150 5.486563E-1 3842.38732 3.991711E-1 3842.84200 3.418557E-1
 3843.16938 3.021785E-1 3843.49675 2.644476E-1 3843.71500 2.407081E-1
 3843.89688 2.219926E-1 3844.07875 2.044217E-1 3844.26063 1.881782E-1
 3844.39704 1.769926E-1 3844.50616 1.687336E-1 3844.63348 1.599507E-1
 3844.76079 1.521789E-1 3844.88810 1.455228E-1 3844.98358 1.413317E-1
 3845.07907 1.378852E-1 3845.17456 1.352405E-1 3845.27004 1.334585E-1
 3845.36552 1.326045E-1 3845.39735 1.325380E-1 3845.48601 1.329610E-1
 3845.56104 1.340540E-1 3845.63607 1.358632E-1 3845.71109 1.384307E-1
 3845.78611 1.418018E-1 3845.86113 1.460244E-1 3845.94297 1.516619E-1
 3846.01572 1.576317E-1 3846.08393 1.640970E-1 3846.15213 1.714483E-1
 3846.22034 1.797362E-1 3846.28854 1.890100E-1 3846.35674 1.993251E-1
 3846.42494 2.107394E-1 3846.49315 2.233160E-1 3846.56135 2.371161E-1
 3846.62956 2.522125E-1 3846.69775 2.686714E-1 3846.77960 2.903417E-1
 3846.86144 3.142333E-1 3846.94329 3.405061E-1 3847.02513 3.693194E-1
 3847.10698 4.008590E-1 3847.18882 4.353094E-1 3847.27066 4.728820E-1
 3847.35250 5.138005E-1 3847.42071 5.506345E-1 3847.48891 5.901043E-1
 3847.55712 6.323815E-1 3847.62532 6.776243E-1 3847.69352 7.260209E-1
 3847.76172 7.777656E-1 3847.82993 8.330745E-1 3847.89813 8.921529E-1
 3847.98907 9.772180E-1 3848.08000 1.070018E+0 3848.16185 1.160719E+0
 3848.24369 1.258743E+0 3848.32554 1.364680E+0 3848.40738 1.479119E+0
 3848.48922 1.602736E+0 3848.57107 1.736267E+0 3848.65291 1.880453E+0
 3848.73475 2.036149E+0 3848.81660 2.204278E+0 3848.89844 2.385772E+0
 3848.98029 2.581723E+0 3849.06213 2.793208E+0 3849.14397 3.021458E+0
 3849.22582 3.267797E+0 3849.30766 3.533547E+0 3849.38950 3.820212E+0
 3849.47135 4.129399E+0 3849.55319 4.462700E+0 3849.63504 4.821957E+0
 3849.71688 5.208942E+0 3849.79872 5.625652E+0 3849.88057 6.074190E+0
 3849.96241 6.556579E+0 3850.04425 7.075088E+0 3850.12610 7.632076E+0
 3850.20794 8.229755E+0 3850.28979 8.870670E+0 3850.37163 9.557098E+0
 3850.45347 1.029156E+1 3850.53532 1.107659E+1 3850.61716 1.191440E+1
 3850.69900 1.280745E+1 3850.80813 1.408808E+1 3850.91725 1.547578E+1
 3851.02638 1.697526E+1 3851.13550 1.858997E+1 3851.24463 2.032308E+1
 3851.35375 2.217606E+1 3851.46288 2.414978E+1 3851.57200 2.624295E+1
 3851.68113 2.845345E+1 3851.84482 3.197878E+1 3852.00850 3.573460E+1
 3852.22675 4.104283E+1 3852.56140 4.960619E+1 3852.91060 5.856938E+1
 3853.11430 6.352530E+1 3853.31800 6.808933E+1 3853.46350 7.102659E+1
 3853.60900 7.363827E+1 3853.74141 7.569524E+1 3853.90291 7.775099E+1
 3854.06005 7.924032E+1 3854.22738 8.024861E+1 3854.35833 8.061670E+1
 3854.42380 8.066306E+1 3854.59840 8.034878E+1 3854.77300 7.942702E+1
 3854.91850 7.823161E+1 3855.06400 7.668725E+1 3855.28225 7.381043E+1
 3855.53688 6.979246E+1 3855.80969 6.497314E+1 3856.44625 5.320168E+1
 3856.71907 4.844195E+1 3856.95550 4.460833E+1 3857.17375 4.134812E+1
 3857.39200 3.836927E+1 3857.61025 3.567089E+1 3857.82850 3.324202E+1
 3857.97400 3.176400E+1 3858.15588 3.006444E+1 3858.33775 2.851727E+1
 3858.51963 2.710901E+1 3858.70150 2.582676E+1 3858.88338 2.465793E+1
 3859.15619 2.309246E+1 3859.42900 2.172146E+1 3859.70182 2.051491E+1
 3859.97463 1.944768E+1 3860.24744 1.849870E+1 3860.52025 1.765053E+1
 3860.79307 1.688871E+1 3861.17500 1.594492E+1 3861.46600 1.530729E+1
 3861.90250 1.446071E+1 3862.33900 1.372392E+1 3862.77550 1.307739E+1
 3863.21200 1.250586E+1 3863.75763 1.187883E+1 3864.30325 1.133201E+1
 3864.84888 1.085126E+1 3865.39450 1.042555E+1 3866.12200 9.928673E+0
 3866.84950 9.498151E+0 3867.57700 9.121762E+0 3868.30450 8.790098E+0
 3869.32300 8.387160E+0 3870.19600 8.088289E+0 3871.36000 7.743144E+0
 3872.52400 7.447177E+0 3873.68800 7.190893E+0 3875.02479 6.936080E+0
 3876.36157 6.715301E+0 3878.14394 6.463142E+0 3879.92632 6.249343E+0
 3881.72688 6.064105E+0 3884.45500 5.829084E+0 3887.18313 5.636072E+0
 3890.45688 5.445655E+0 3894.00344 5.277358E+0 3897.55000 5.138191E+0
 3902.64250 4.975959E+0 3907.73500 4.846212E+0 3912.82750 4.740083E+0
 3920.46625 4.612751E+0 3928.10500 4.512704E+0 3938.29000 4.408566E+0
 3949.93000 4.317225E+0 3967.39000 4.216087E+0 3984.85000 4.142296E+0
 4008.13000 4.070074E+0 4040.14000 4.000135E+0 4085.86625 3.933204E+0
 4150.68750 3.872669E+0 4250.41250 3.816319E+0 4395.01375 3.768794E+0
 4400.00000 3.767674E+0 4400.00000 1.172684E+1 4524.15260 1.160637E+1
 4651.80835 1.148250E+1 4690.41576 1.144503E+1 4822.76288 1.132746E+1
 4958.84436 1.120656E+1 5000.00000 1.117000E+1 5141.08250 1.106791E+1
 5286.14585 1.096293E+1 5435.30239 1.085500E+1 5477.22558 1.082466E+1
 5631.77372 1.072573E+1 5790.68266 1.062400E+1 5954.07546 1.051940E+1
 6000.00000 1.049000E+1 6169.29900 1.040052E+1 6343.37503 1.030852E+1
 6480.74070 1.023592E+1 6663.60452 1.014861E+1 6851.62812 1.005884E+1
 7000.00000 9.988000E+0 7197.51550 9.912154E+0 7400.60420 9.834168E+0
 7609.42334 9.753981E+0 7824.13464 9.671532E+0 8000.00000 9.604000E+0
 8225.73200 9.534475E+0 8457.83337 9.462987E+0 8696.48382 9.389483E+0
 8941.86816 9.313905E+0 9000.00000 9.296000E+0 9253.94850 9.230989E+0
 9515.06254 9.164144E+0 9783.54430 9.095413E+0 10000.0000 9.040000E+0
 10282.1650 8.982425E+0 10572.2917 8.923225E+0 10870.6048 8.862355E+0
 10905.0773 8.855321E+0 11212.7804 8.801179E+0 11529.1658 8.745509E+0
 11854.4785 8.688269E+0 12188.9704 8.629413E+0 12532.9005 8.568897E+0
 12690.5095 8.541165E+0 13048.5913 8.487683E+0 13416.7768 8.432691E+0
 13795.3513 8.376148E+0 14184.6079 8.318009E+0 14218.9260 8.312884E+0
 14620.1343 8.259895E+0 15032.6633 8.205410E+0 15456.8325 8.149389E+0
 15484.8711 8.145686E+0 15921.8000 8.095134E+0 16371.0574 8.043155E+0
 16832.9914 7.989710E+0 17307.9595 7.934756E+0 17598.2221 7.901173E+0
 18094.7823 7.852138E+0 18605.3538 7.801720E+0 19130.3317 7.749879E+0
 19670.1227 7.696575E+0 20000.0000 7.664000E+0 20564.3300 7.624018E+0
 21144.5834 7.582909E+0 21741.2096 7.540639E+0 22133.6384 7.512836E+0
 22758.1722 7.474833E+0 23400.3282 7.435758E+0 24060.6035 7.395580E+0
 24739.5096 7.354269E+0 25437.5719 7.311792E+0 25768.3750 7.291662E+0
 26495.4684 7.254778E+0 27243.0777 7.216854E+0 28011.7820 7.177859E+0
 28802.1765 7.137763E+0 29614.8731 7.096537E+0 30000.0000 7.077000E+0
 30846.4950 7.048879E+0 31716.8751 7.019964E+0 32611.8143 6.990233E+0
 33532.0056 6.959663E+0 34478.1614 6.928231E+0 34641.0162 6.922821E+0
 35618.4644 6.895312E+0 36623.4928 6.867027E+0 37656.8796 6.837944E+0
 38719.4250 6.808040E+0 39811.9516 6.777292E+0 40000.0000 6.772000E+0
 41128.6600 6.750555E+0 42289.1668 6.728506E+0 43482.4191 6.705834E+0
 44709.3408 6.682523E+0 45970.8819 6.658553E+0 47268.0193 6.633908E+0
 48601.7574 6.608567E+0 49973.1288 6.582511E+0 50000.0000 6.582000E+0
 51410.8250 6.563236E+0 52861.4585 6.543943E+0 54353.0239 6.524105E+0
 55886.6760 6.503707E+0 57463.6024 6.482734E+0 59085.0241 6.461169E+0
 60000.0000 6.449000E+0 61692.9900 6.432578E+0 63433.7503 6.415693E+0
 65223.6287 6.398331E+0 67064.0112 6.380479E+0 68956.3229 6.362124E+0
 70000.0000 6.352000E+0 71975.1550 6.337384E+0 74006.0420 6.322355E+0
 76094.2334 6.306903E+0 78241.3464 6.291014E+0 80000.0000 6.278000E+0
 82257.3200 6.265359E+0 84578.3337 6.252361E+0 86964.8382 6.238997E+0
 89418.6816 6.225255E+0 90000.0000 6.222000E+0 92539.4850 6.210826E+0
 95150.6254 6.199337E+0 97835.4430 6.187524E+0 100000.000 6.178000E+0
 102821.650 6.168689E+0 105722.917 6.159114E+0 108706.048 6.149270E+0
 111773.352 6.139148E+0 114927.205 6.128740E+0 118170.048 6.118039E+0
 120000.000 6.112000E+0 123385.980 6.104720E+0 126867.501 6.097235E+0
 130447.257 6.089538E+0 134128.022 6.081625E+0 137912.646 6.073488E+0
 140000.000 6.069000E+0 143950.310 6.063667E+0 148012.084 6.058184E+0
 152188.467 6.052546E+0 156482.693 6.046748E+0 160000.000 6.042000E+0
 164514.640 6.038388E+0 169156.667 6.034675E+0 173929.676 6.030856E+0
 178837.363 6.026930E+0 180000.000 6.026000E+0 185078.970 6.023968E+0
 190301.251 6.021879E+0 195670.886 6.019732E+0 200000.000 6.018000E+0
 250000.000 6.023000E+0 250000.000 6.022955E+0 350000.000 6.092001E+0
 598941.631 6.348857E+0 650000.000 6.401969E+0 700000.000 6.214008E+0
 750000.000 6.090007E+0 811286.600 6.009391E+0 900000.000 5.938001E+0
 1200000.00 5.765993E+0 1351523.26 5.558261E+0 1439503.10 5.436780E+0
 1697056.27 5.072692E+0 1800000.00 4.938996E+0 1950903.64 4.696564E+0
 2000000.00 4.621997E+0 2127211.41 4.399895E+0 2279950.68 4.142168E+0
 2400000.00 3.947990E+0 2497999.20 3.714072E+0 2600000.00 3.494013E+0
 2736213.65 3.336887E+0 2939164.94 3.123727E+0 3122499.00 2.950395E+0
 3250000.00 2.841001E+0 3420267.06 2.712257E+0 3500000.00 2.655001E+0
 3750000.00 2.498002E+0 4000000.00 2.367002E+0 4250000.00 2.262001E+0
 4500000.00 2.178001E+0 4750000.00 2.114001E+0 5000000.00 2.066001E+0
 5500000.00 2.008002E+0 6000000.00 1.991001E+0 6500000.00 2.004001E+0
 7000000.00 2.039001E+0 7605811.88 2.104332E+0 8225732.00 2.185602E+0
 9884028.38 2.422996E+0 11000000.0 2.557999E+0 12000000.0 2.643999E+0
 13000000.0 2.693999E+0 14000000.0 2.710999E+0 15000000.0 2.698999E+0
 16000000.0 2.660999E+0 17000000.0 2.603000E+0 18253948.5 2.508668E+0
 19768056.8 2.376875E+0 20000000.0 2.356003E+0                      
